1
1
11
29
15
2
0
4
0
1
0
0
0
1
5
13
0
1
2
6
0
1
0
9
3
8
19
39
124
293
944
1045
391
110
26
17
2
11
0
0
6
5
1
5
3
2
1
2
4
3
8
7
5
0
2
7
2
11
19
7
4
13
6
0
0
0
0
5
3
2
4
1
0
3
3
7
8
9
2
4
8
15
0
3
5
20
14
10
8
8
1
1
0
1
2
0
0
11
12
2
2
0
2
3
0
0
14
5
1
0
0
0
0
1
0
1
0
2
0
2
3
7
0
0
0
6
7
5
0
1
1
4
0
5
1
4
8
4
5
2
0
9
12
13
7
1
15
14
3
0
0
0
4
4
1
0
0
0
0
5
15
12
0
0
0
0
0
0
0
1
0
0
9
1
0
1
0
2
2
13
14
10
1
3
0
4
0
0
3
16
10
7
15
16
8
7
7
1
2
0
9
7
5
2
0
0
0
0
0
0
2
6
8
18
7
0
0
0
0
0
0
9
6
1
0
3
0
3
0
5
0
8
3
4
0
6
0
0
6
1
1
0
3
2
0
2
8
1
3
7
11
0
0
0
0
0
0
0
0
1
4
15
7
0
0
6
11
4
0
3
0
3
2
2
0
4
1
7
20
18
0
4
0
2
4
7
3
1
7
5
1
4
15
5
0
0
1
0
4
2
5
13
0
0
7
0
1
2
3
8
6
1
1
0
0
3
0
4
0
2
0
5
2
4
1
4
2
5
0
11
4
2
0
0
2
3
2
7
1
3
0
0
1
0
12
13
6
8
5
0
3
5
1
0
0
2
1
0
0
0
0
4
4
4
1
12
16
9
0
0
2
4
0
4
0
2
0
2
1
2
0
4
7
5
2
1
0
1
1
4
2
0
1
3
6
1
2
0
6
7
7
0
3
0
0
1
2
5
7
16
18
17
0
2
3
14
13
11
0
4
0
3
0
2
0
2
0
8
12
8
4
0
0
0
0
0
6
3
2
1
3
0
4
0
2
1
2
2
2
7
11
5
0
2
3
0
0
1
5
10
4
3
0
6
12
7
0
2
0
5
2
0
0
0
2
4
11
19
0
1
6
6
0
0
0
0
0
0
1
5
3
1
1
1
2
1
2
1
3
0
0
0
14
11
12
12
6
5
0
2
0
4
0
2
0
1
0
2
2
6
1
3
0
1
3
2
1
3
5
10
8
2
0
9
13
1
0
0
3
0
5
1
10
12
2
0
3
0
6
1
0
2
0
2
1
2
1
8
0
2
0
3
0
1
0
2
0
0
3
3
0
3
2
0
6
6
1
0
0
1
1
1
1
0
0
0
2
1
0
0
1
0
2
5
3
0
1
0
0
0
0
0
0
4
1
2
0
2
11
27
0
2
0
4
3
8
0
7
0
2
0
3
2
14
16
5
0
3
0
5
1
0
0
0
6
13
10
0
2
5
7
3
1
2
5
7
4
3
3
4
0
2
2
6
5
10
0
5
0
6
2
7
1
4
0
6
0
2
0
0
0
3
0
2
10
13
0
2
3
0
0
3
0
5
7
6
5
0
2
0
2
2
10
4
0
0
2
1
0
0
7
7
4
4
0
3
2
7
2
3
0
2
0
1
1
0
0
1
0
0
0
2
2
4
1
1
2
0
2
0
5
2
2
0
1
0
2
3
2
0
9
12
0
0
4
16
12
6
3
5
0
1
0
3
3
8
0
10
4
1
0
2
0
4
0
0
5
3
0
0
0
0
0
3
0
0
0
1
2
6
9
3
6
5
1
4
7
13
8
1
1
1
0
1
0
1
0
2
0
2
0
7
8
6
2
9
6
16
0
7
1
4
2
0
0
2
1
2
1
1
4
5
0
0
2
4
4
0
0
0
0
0
10
6
6
0
3
4
9
4
1
1
1
2
0
2
0
0
0
1
0
1
0
4
0
5
4
5
2
6
2
3
0
0
0
0
1
1
0
2
0
3
13
17
1
0
4
0
3
2
0
3
4
1
4
4
0
0
4
2
1
0
0
2
0
2
0
0
6
7
0
4
0
0
3
7
1
3
0
0
0
0
1
3
1
1
0
2
6
8
1
1
1
1
0
0
5
0
2
1
0
0
2
2
5
2
4
3
10
14
0
0
0
1
0
2
0
2
0
4
1
5
4
4
1
2
0
1
0
2
1
3
0
0
7
7
2
0
1
1
1
3
4
1
1
1
1
3
5
7
6
2
3
0
2
0
1
1
3
0
0
0
1
1
1
3
2
2
0
5
4
6
0
5
8
14
0
0
0
2
0
1
0
1
0
2
1
2
4
6
4
2
0
0
