0
0
14
26
12
1
2
3
0
0
0
1
0
0
3
13
0
0
0
1
0
0
0
5
0
0
0
2
0
2
0
5
0
11
6
6
0
9
0
0
4
4
1
17
20
64
196
736
827
314
75
19
11
2
2
8
4
12
20
8
5
12
6
0
0
1
0
4
0
2
3
0
0
3
5
7
6
7
0
5
8
13
0
2
4
19
15
6
6
9
0
0
0
0
0
0
0
10
11
0
0
0
4
2
0
0
14
5
2
0
0
0
0
0
0
1
1
3
0
0
3
7
0
1
1
8
7
4
0
2
1
5
0
5
1
1
6
3
4
0
0
4
9
13
4
0
12
14
0
0
0
0
4
5
0
0
0
0
0
3
13
12
0
0
0
0
0
0
0
2
0
0
11
4
0
2
0
2
0
12
15
8
0
2
0
0
0
0
2
15
8
5
12
13
5
4
7
0
0
0
8
6
4
1
0
0
0
0
0
0
3
4
7
21
5
0
0
0
0
0
0
9
3
1
0
1
0
2
0
6
0
8
5
2
0
1
0
0
5
1
0
1
1
0
0
1
6
0
1
7
10
0
0
0
0
0
0
0
0
0
1
14
6
0
0
7
8
4
0
2
0
2
0
5
0
0
0
7
18
20
0
5
2
0
2
7
2
0
5
3
0
3
15
4
2
0
3
0
4
3
7
12
0
0
8
0
3
1
3
5
6
1
0
0
0
2
0
4
0
0
0
4
2
2
2
3
3
5
0
9
2
0
0
0
2
2
0
3
2
1
0
0
0
0
9
14
4
6
4
0
4
4
0
0
0
0
2
1
0
0
0
2
0
3
2
13
16
8
0
0
4
4
0
3
0
3
0
2
0
0
0
4
7
3
0
0
0
0
0
2
0
1
0
0
7
0
0
0
5
8
3
0
1
0
0
3
0
3
4
13
18
16
0
1
2
11
12
7
0
2
0
1
0
1
0
2
0
6
10
8
4
2
0
0
0
0
8
3
2
0
3
0
3
0
4
1
2
0
1
6
7
5
0
3
0
0
1
1
4
7
4
1
0
4
11
3
0
0
0
4
1
1
0
1
1
7
10
20
0
2
5
6
0
0
0
0
0
0
2
5
4
0
1
0
2
2
2
0
1
0
0
0
14
10
10
9
7
4
0
0
0
0
0
0
0
0
0
3
2
5
2
4
0
1
2
5
1
6
7
11
10
1
1
9
14
2
0
0
4
0
6
0
9
10
3
0
1
0
3
0
0
0
0
0
0
0
0
4
1
0
0
0
0
1
1
0
0
0
3
4
2
6
0
3
5
10
0
3
1
1
0
3
0
0
0
0
3
0
0
0
1
0
2
3
4
0
0
0
0
0
0
0
0
0
0
0
0
0
12
22
3
0
0
1
2
3
1
5
1
2
0
2
2
18
16
9
1
2
2
5
1
0
0
0
6
11
10
0
1
4
7
2
1
1
6
4
1
0
1
0
0
0
2
0
9
7
1
0
0
3
1
5
1
1
0
5
0
2
0
1
1
5
0
2
8
15
0
3
5
0
0
0
0
2
8
6
4
0
1
0
0
0
6
1
0
0
0
1
0
0
6
5
2
0
0
0
0
1
0
0
0
0
0
0
0
0
0
1
0
0
1
3
0
2
0
1
0
2
0
0
1
0
0
0
0
0
0
0
4
0
10
12
0
0
5
15
9
4
3
2
0
0
0
0
1
4
0
4
3
0
0
0
0
2
0
0
5
2
0
0
0
2
1
6
0
1
0
0
0
5
8
5
6
3
0
2
8
12
8
1
2
1
0
1
2
0
0
0
0
0
0
4
4
1
1
3
4
13
0
3
0
3
0
0
0
1
0
5
0
1
1
5
0
3
1
4
0
0
0
0
0
0
7
5
5
2
1
4
8
4
2
0
2
3
0
3
0
0
0
0
0
0
0
2
0
0
6
4
1
4
0
2
0
1
0
2
0
4
0
2
0
3
9
16
2
0
1
0
0
1
0
3
3
0
2
1
1
2
5
1
0
0
0
0
0
0
0
0
3
4
0
0
0
0
2
3
0
0
0
1
0
2
1
4
0
2
0
5
6
11
0
2
2
1
0
1
0
0
2
1
0
0
1
0
1
2
3
2
9
15
2
0
0
0
0
1
0
0
0
0
0
2
2
0
0
1
0
2
0
1
0
5
0
0
4
8
0
0
0
2
0
5
1
1
0
0
0
3
1
4
5
1
2
0
0
1
1
2
2
1
0
0
2
0
0
0
1
0
0
2
2
2
0
3
8
16
0
1
0
4
0
4
0
4
0
3
0
5
3
7
3
1
0
0
