0
0
14
25
11
0
0
2
0
0
0
0
0
0
0
9
0
0
0
0
0
0
0
3
0
0
0
0
0
0
0
3
0
7
4
3
0
1
0
0
3
0
0
0
5
11
17
67
224
774
756
265
57
10
5
7
3
11
18
4
5
11
3
0
0
0
0
3
0
1
4
1
0
1
2
4
5
8
2
4
8
13
0
1
4
20
13
7
8
4
0
0
0
0
2
0
0
8
11
0
0
0
2
0
0
0
13
3
0
0
0
0
0
1
0
0
1
2
0
0
3
7
0
0
3
9
6
2
0
0
0
4
0
2
1
0
7
0
4
0
0
6
11
11
6
0
9
11
0
0
0
0
4
2
0
0
0
0
0
0
12
10
0
0
0
0
0
0
0
0
0
0
7
1
0
1
0
1
1
10
12
8
0
1
0
0
0
0
3
12
10
4
15
12
5
4
5
0
0
0
8
6
5
2
0
0
0
0
0
0
3
3
7
19
6
0
0
0
0
0
0
7
6
0
0
0
0
0
0
4
1
4
2
0
0
1
0
0
5
0
0
0
3
0
0
0
6
0
0
6
9
0
0
0
0
0
0
0
0
0
2
14
7
0
0
7
8
0
0
1
0
1
2
2
0
2
0
7
18
18
0
0
1
0
3
4
2
0
5
2
1
1
12
1
0
0
0
0
1
0
2
9
0
0
5
0
1
0
1
2
7
0
0
0
0
0
0
3
0
0
0
3
1
0
0
2
1
3
1
9
7
0
1
0
2
0
2
2
1
0
1
0
0
0
10
12
1
5
0
0
2
4
0
0
0
0
0
0
0
0
0
1
2
2
1
10
12
8
0
0
2
2
0
1
0
0
1
0
1
0
0
1
10
3
0
0
0
0
1
0
1
0
0
0
4
0
0
0
4
6
3
0
0
0
0
0
3
0
5
11
18
14
0
0
3
10
12
6
1
2
0
0
0
0
0
0
0
5
12
7
6
0
0
0
0
0
7
2
0
0
0
0
0
0
0
0
0
0
0
4
3
3
0
0
0
0
0
0
3
5
4
0
0
1
9
2
0
0
0
3
3
0
0
0
1
3
11
17
0
0
7
2
1
0
0
0
0
0
0
3
2
0
0
0
0
0
1
0
0
0
0
0
11
8
12
7
5
1
0
0
0
0
0
0
0
0
0
0
3
3
4
1
3
0
3
3
3
3
8
10
11
1
1
7
15
1
0
0
1
0
2
0
5
9
0
0
0
0
1
0
0
1
0
0
0
0
1
4
0
0
0
0
0
0
0
0
0
0
6
3
0
4
3
0
8
8
2
0
0
1
2
0
0
0
0
0
0
0
0
0
0
0
0
2
0
0
0
0
0
0
0
0
0
0
0
0
0
0
10
20
0
0
0
0
1
1
3
4
0
0
0
0
5
14
18
5
0
0
3
1
0
0
0
0
4
10
5
0
0
2
5
0
0
0
5
2
1
0
1
0
0
0
0
1
7
6
0
0
0
2
3
2
0
1
0
4
0
0
0
0
3
1
4
0
11
11
0
1
3
0
0
0
0
2
5
4
0
0
0
0
0
2
4
1
0
0
0
0
0
0
7
3
1
0
0
0
1
2
0
0
0
0
0
1
0
0
0
0
0
0
0
0
2
0
1
0
1
0
1
0
1
0
0
0
0
0
0
0
0
0
7
10
0
0
1
14
10
3
1
3
0
0
0
0
3
3
0
5
1
0
0
0
0
3
0
0
7
3
1
0
0
0
2
2
0
0
0
0
0
6
7
2
2
1
0
0
4
10
4
0
0
0
0
0
0
0
0
0
0
0
0
0
7
1
0
2
5
12
0
4
1
3
1
0
0
1
3
4
2
0
4
2
0
0
1
0
0
0
0
0
0
0
6
3
0
0
0
0
5
1
0
0
0
0
0
0
0
0
0
0
0
0
0
0
0
2
1
4
0
5
0
1
0
0
1
0
1
1
2
0
0
0
12
12
1
0
1
0
0
0
0
0
1
0
0
2
0
1
1
0
0
0
0
0
0
0
0
0
5
2
0
1
0
0
0
3
0
0
0
0
0
0
1
2
1
0
0
0
6
6
1
0
3
0
0
0
0
0
0
0
0
0
0
0
0
0
1
0
7
12
0
0
0
0
0
0
0
0
0
0
1
3
1
0
0
0
0
1
0
0
0
2
0
0
6
4
3
0
1
0
3
2
4
0
0
0
0
0
1
2
0
0
0
0
0
0
0
0
0
0
0
0
0
0
0
0
0
0
0
1
3
1
0
1
5
13
0
0
0
3
0
2
0
0
0
1
0
0
5
4
4
0
0
0
