0
0
7
24
11
1
0
4
0
0
0
1
0
0
2
10
0
0
0
0
0
0
0
2
0
0
0
0
0
0
0
3
0
5
5
0
0
2
0
0
3
0
0
0
1
1
3
13
21
76
252
784
674
209
40
17
3
14
17
9
2
11
4
0
0
0
0
2
1
0
4
0
0
0
4
1
11
6
3
0
10
11
0
0
3
18
13
5
6
4
0
0
0
0
0
0
0
12
5
0
0
0
0
5
0
0
11
4
0
0
0
0
0
0
0
0
1
0
0
0
4
3
0
0
2
8
8
2
0
0
2
0
0
0
1
0
4
0
2
0
0
5
9
14
2
0
5
13
0
0
0
0
0
3
0
0
0
0
0
2
8
9
0
0
0
0
0
0
0
0
0
0
8
1
0
0
0
0
2
8
12
4
0
0
0
0
0
0
0
12
10
5
10
13
2
5
1
2
0
2
4
9
0
2
0
0
0
0
0
0
0
2
6
18
7
0
0
0
0
0
0
7
6
0
0
0
0
0
0
1
1
3
3
0
0
0
0
0
4
0
0
0
0
0
0
2
2
0
0
8
9
3
0
0
0
0
0
0
0
0
1
14
8
0
0
2
9
0
1
0
0
0
1
0
0
0
3
3
22
14
0
0
1
0
1
8
0
0
2
2
0
3
12
4
0
0
0
0
0
3
3
15
0
2
6
1
1
1
2
6
5
0
0
0
1
0
1
0
3
0
1
0
1
0
3
0
2
1
0
7
4
0
0
0
0
0
1
2
0
0
0
0
0
0
4
13
0
6
1
2
2
5
0
0
0
2
1
0
0
1
0
2
0
0
3
8
16
5
0
0
5
0
3
0
0
0
1
0
0
0
0
2
5
4
0
0
0
0
0
3
0
1
0
0
3
0
0
0
1
9
2
0
0
0
0
2
1
3
3
12
18
16
1
0
3
10
11
5
3
0
0
0
2
0
0
0
0
2
9
6
3
0
0
0
0
0
4
3
0
0
0
0
0
0
0
0
0
0
0
5
7
6
0
4
1
0
0
0
4
6
4
0
0
2
9
0
0
0
1
1
2
0
1
0
2
0
12
16
0
0
3
1
0
0
0
0
0
0
2
2
1
0
0
0
0
4
0
0
0
0
0
0
11
10
11
10
4
1
0
0
0
0
0
0
0
0
0
0
3
0
4
0
3
0
3
1
3
0
5
9
5
0
0
8
14
1
0
0
0
0
3
0
6
11
0
0
0
0
1
1
0
2
0
1
0
0
1
5
0
0
0
0
0
0
1
0
0
0
5
0
2
0
3
0
7
5
0
0
0
0
2
0
0
0
0
0
0
0
0
0
0
0
0
4
0
0
0
0
0
4
0
0
0
0
0
0
0
0
11
20
2
0
1
0
2
0
1
2
1
0
1
0
3
12
17
1
0
0
1
2
0
0
0
0
0
9
5
0
0
8
4
0
0
1
2
5
1
3
0
0
0
0
1
0
7
6
0
0
1
1
0
1
2
0
2
2
1
0
0
0
2
0
0
0
5
11
0
0
3
0
0
0
0
2
6
6
1
0
0
0
0
0
6
5
0
0
0
0
0
0
8
3
3
0
0
0
1
1
1
0
0
0
0
0
0
0
1
0
0
0
0
0
0
0
0
0
0
0
0
0
0
0
0
0
0
0
0
3
1
0
4
13
0
0
2
15
11
1
1
0
0
0
0
0
2
2
0
3
5
0
0
0
0
0
0
0
8
0
0
0
1
0
1
2
0
0
0
0
0
4
6
5
3
4
0
0
4
11
4
0
0
1
0
0
0
0
0
0
0
0
0
0
6
0
0
1
8
8
0
0
1
0
4
0
0
0
4
1
0
0
3
2
0
0
0
0
0
0
0
0
0
0
5
4
0
1
0
4
4
5
0
0
0
0
0
0
0
0
0
0
0
0
0
0
1
1
4
1
2
0
1
0
1
0
1
0
0
0
1
0
0
0
9
12
0
0
0
0
0
0
0
1
0
0
0
2
0
4
1
0
0
0
0
0
0
0
0
0
2
0
0
0
0
0
3
0
0
0
0
0
0
0
0
0
2
0
0
0
8
5
0
0
0
0
0
0
0
0
0
0
0
0
0
1
0
1
0
2
5
14
0
0
0
0
0
0
0
0
0
0
0
2
1
0
0
0
0
0
0
0
1
0
0
0
6
4
1
0
0
0
0
2
1
1
0
0
0
2
0
4
0
1
0
0
0
0
0
1
0
0
0
0
0
0
0
0
1
0
0
0
4
0
0
0
9
11
0
0
1
0
0
0
0
1
0
0
0
0
1
5
1
0
0
0
