0
0
11
26
10
0
0
2
0
0
0
0
0
0
3
14
0
1
0
3
0
0
0
5
0
0
0
0
0
0
0
0
0
3
6
3
0
3
0
0
4
0
0
0
1
0
0
0
5
14
25
80
271
771
589
174
49
22
18
9
4
12
4
0
0
4
0
5
0
5
5
1
0
3
4
4
8
7
2
0
10
11
0
0
6
15
17
5
4
2
0
0
0
0
0
0
0
10
6
0
0
0
0
2
0
0
12
3
0
0
0
0
0
2
0
0
2
4
0
0
2
7
0
0
2
5
7
0
0
0
4
0
0
1
0
0
6
0
4
0
0
5
8
12
3
0
8
10
0
0
0
0
0
2
0
0
0
0
0
1
10
13
0
1
0
0
0
0
0
2
0
0
9
2
1
0
0
0
4
8
13
4
0
0
0
0
0
0
3
15
6
4
11
12
2
5
4
0
0
0
3
5
0
0
0
0
0
0
0
1
2
5
3
20
4
0
0
0
0
0
0
7
5
0
0
0
2
0
0
0
0
2
3
0
0
0
0
0
2
0
0
0
0
0
0
0
4
0
0
6
8
0
0
0
0
0
0
0
0
2
1
16
5
1
0
6
6
3
0
0
0
0
0
0
0
0
3
1
18
15
0
0
2
0
3
6
0
0
2
1
0
0
13
3
0
0
0
0
0
3
0
12
0
0
5
2
0
3
0
5
6
2
0
1
0
1
0
0
0
0
0
0
2
0
1
0
2
1
1
5
5
0
0
0
0
0
0
2
1
1
0
0
0
0
5
12
0
3
1
0
0
3
0
0
0
1
0
1
0
1
0
4
5
3
1
10
17
9
0
0
5
0
3
0
0
0
1
0
0
0
0
2
8
3
1
0
0
0
0
0
0
0
0
0
3
0
0
0
3
7
3
0
0
0
0
1
1
4
4
15
18
16
1
1
3
11
13
6
4
0
1
0
2
0
0
0
0
5
10
5
3
0
0
0
0
0
5
4
0
0
0
0
0
0
0
0
0
0
1
5
8
4
0
2
0
0
0
1
5
9
4
0
0
2
11
2
0
0
1
0
3
0
3
0
2
0
13
14
0
0
4
2
0
0
0
0
0
0
1
3
1
0
0
0
0
0
0
0
0
0
0
0
12
10
8
11
5
4
0
1
0
0
0
0
0
0
0
0
4
2
3
0
4
0
3
0
1
0
6
8
7
0
0
6
13
1
0
0
0
0
0
0
3
8
0
0
0
0
1
0
0
1
0
0
0
1
1
6
0
0
0
0
0
0
2
0
0
0
5
0
3
1
2
0
5
5
0
0
0
0
0
1
1
0
0
0
0
0
0
0
0
0
0
1
0
0
0
0
0
0
1
1
0
0
0
0
0
0
11
23
1
0
0
0
4
3
3
4
1
0
0
0
4
14
15
4
0
0
0
1
0
0
0
0
2
8
5
0
0
5
5
1
0
0
4
5
1
2
1
4
0
2
1
4
7
9
0
0
1
3
1
3
1
0
2
3
1
0
0
0
0
1
2
0
6
11
0
1
1
0
0
0
0
3
5
4
0
0
0
0
0
2
7
2
0
0
2
0
0
0
7
8
2
2
0
3
2
3
0
0
0
0
1
0
1
0
0
0
0
0
0
0
0
0
0
0
0
0
0
0
0
0
0
0
0
0
0
0
0
0
3
9
0
0
1
14
10
4
2
5
0
0
0
1
1
6
1
5
3
0
0
0
0
0
0
0
9
0
0
0
0
0
1
1
0
0
0
0
0
3
8
4
1
1
0
0
6
10
5
1
0
0
0
0
0
0
0
0
0
1
0
3
6
1
2
5
8
9
2
1
1
0
1
0
0
0
3
1
0
0
1
2
0
0
0
1
0
0
0
0
0
0
7
4
0
0
0
2
6
3
0
0
0
0
0
3
0
0
0
1
0
0
0
3
0
1
5
2
1
1
1
0
0
0
0
0
0
0
0
0
0
0
9
15
0
0
0
0
0
1
0
0
0
0
1
0
0
0
3
0
0
0
0
0
0
0
0
0
3
4
0
0
1
0
4
3
3
0
0
0
0
0
2
0
0
0
0
1
3
5
0
0
0
0
0
0
0
0
0
0
0
0
0
0
0
0
1
0
4
14
0
0
0
0
0
1
0
1
0
2
3
3
4
0
0
0
1
0
1
0
0
0
0
0
4
3
0
0
0
0
0
2
0
0
0
0
0
0
0
5
0
0
0
0
0
0
0
1
1
0
0
0
0
3
0
0
0
0
0
1
3
2
1
0
7
11
0
0
0
0
0
0
0
0
0
0
0
0
2
5
2
0
0
0
