1
1
15
26
15
3
2
6
2
2
0
4
3
0
12
12
3
0
6
5
2
0
3
9
4
0
0
2
4
1
2
5
0
7
7
5
0
7
0
0
6
1
0
5
1
5
2
4
4
2
8
8
9
15
30
94
339
760
455
117
31
23
14
1
4
3
0
4
5
4
8
2
3
4
6
5
7
6
4
3
11
12
0
2
5
22
16
10
7
7
0
1
0
2
0
1
0
12
9
0
1
0
5
2
0
0
16
4
4
0
1
0
1
0
4
1
5
2
2
0
3
6
0
0
3
6
8
4
0
1
4
4
0
5
3
4
9
2
5
2
1
9
13
14
7
1
8
14
2
0
1
0
3
2
0
0
3
0
2
3
15
12
0
0
0
0
0
0
0
0
0
0
9
2
2
0
0
0
2
9
15
8
0
5
0
2
0
0
6
17
10
7
15
16
5
5
5
1
1
1
9
8
5
2
2
0
2
1
0
1
5
6
11
20
7
0
1
0
0
0
0
11
4
0
0
1
1
0
2
7
3
10
7
5
0
4
0
0
7
6
1
2
2
1
1
3
9
1
4
8
13
2
0
0
1
0
2
0
0
0
7
16
9
0
0
6
12
4
0
1
1
3
5
0
0
0
2
5
22
19
0
3
2
2
5
12
1
5
4
9
1
8
13
6
2
0
2
0
5
5
7
12
2
0
12
2
6
0
3
7
6
4
2
0
0
0
0
2
5
0
0
1
3
0
4
4
3
4
2
10
5
3
3
4
4
7
2
8
5
6
0
0
3
0
8
14
6
9
6
0
5
5
3
0
0
2
3
1
3
0
1
4
2
5
4
12
18
9
0
0
7
2
0
3
2
3
1
0
2
0
0
7
8
9
2
2
1
4
2
5
4
5
3
6
10
1
2
0
8
11
9
1
2
1
3
4
6
5
6
15
20
17
1
1
6
15
14
6
2
0
0
0
3
0
0
0
2
7
13
8
5
2
1
1
0
0
8
7
1
5
3
3
5
1
2
2
4
1
5
7
10
5
0
3
5
1
2
1
7
9
5
2
1
3
13
4
2
0
0
3
4
1
3
1
2
1
13
19
0
3
7
5
3
0
0
2
0
3
6
6
5
3
2
2
4
3
6
0
5
1
0
0
16
12
14
12
8
2
1
0
1
1
0
0
0
0
0
2
4
5
5
3
2
1
2
6
2
6
8
10
10
5
2
12
16
5
2
5
8
2
7
4
11
15
4
0
4
0
6
0
1
3
0
0
3
2
4
4
0
1
1
0
0
0
4
0
0
0
6
3
2
5
3
2
8
9
2
1
4
6
3
5
2
3
0
4
5
3
4
2
2
0
5
4
5
0
0
0
0
1
4
0
3
0
2
2
0
0
16
23
2
0
0
2
4
4
4
3
2
0
0
2
2
16
14
7
1
1
5
7
3
3
0
0
9
14
9
3
5
9
9
2
5
0
11
6
8
3
6
2
0
0
6
4
8
8
1
0
2
1
5
5
2
3
5
5
0
0
0
0
3
3
2
3
7
14
1
6
5
3
0
3
0
8
8
7
6
3
3
0
2
2
12
3
5
0
1
0
0
0
12
7
3
2
2
0
1
1
0
0
2
0
0
0
1
0
0
0
1
0
3
5
3
2
2
2
3
4
1
2
3
2
1
2
2
1
0
2
4
0
13
13
0
0
5
16
17
4
5
4
0
0
0
2
4
4
4
8
6
1
1
0
0
3
0
0
8
4
0
2
2
1
2
5
0
4
0
3
2
10
10
11
9
9
3
3
9
14
11
2
4
2
2
2
3
0
0
0
0
1
0
4
8
3
4
4
12
11
2
2
2
3
0
0
0
2
4
4
1
1
4
5
1
2
3
4
1
4
0
4
0
0
10
7
5
2
2
3
14
5
2
0
3
2
3
4
0
1
0
0
1
0
0
3
2
4
7
5
0
4
2
3
0
2
1
1
1
6
0
4
1
3
14
20
1
2
2
2
0
3
0
3
5
1
6
3
2
3
6
1
2
0
2
2
3
4
0
0
5
4
0
1
2
1
4
6
1
1
0
0
0
4
2
5
1
1
0
3
7
10
2
4
3
1
0
3
4
0
2
2
2
2
3
0
5
2
5
2
10
15
5
0
3
0
2
1
0
0
1
1
5
5
6
2
3
0
3
3
0
2
1
3
0
0
7
9
3
3
1
3
2
7
5
0
2
3
2
3
5
4
6
4
5
0
6
0
5
4
7
2
0
0
6
1
4
2
6
3
5
6
7
3
2
3
9
16
0
2
3
5
0
4
0
6
1
7
2
4
4
9
7
1
1
1
