4
3
16
29
16
2
3
6
0
2
0
3
1
0
6
13
0
3
0
4
0
0
0
8
3
0
0
4
1
0
0
6
4
7
7
8
0
5
0
0
7
2
1
5
6
4
2
1
8
5
10
10
7
2
8
19
33
100
379
726
377
108
22
8
4
2
1
8
3
6
6
2
0
6
6
6
8
7
3
4
13
16
0
2
7
20
18
10
8
9
0
0
0
2
0
0
1
16
13
1
1
0
5
3
0
0
16
8
0
1
0
0
0
1
0
0
2
1
0
1
4
10
0
1
1
6
11
4
0
0
4
4
0
4
3
2
10
1
6
3
4
11
16
16
10
4
14
15
1
1
2
0
4
5
0
0
0
0
0
5
14
12
1
0
0
0
0
0
0
2
0
0
9
0
4
0
0
0
3
11
14
5
0
2
0
1
0
0
6
18
28
7
16
18
8
11
8
1
2
0
11
11
4
3
2
0
0
0
0
0
3
4
11
21
5
0
1
0
0
0
0
9
6
1
0
0
2
2
2
3
3
7
5
2
0
3
0
0
6
6
4
3
4
4
2
5
8
2
2
7
12
2
0
0
0
0
0
0
0
1
6
13
10
1
0
6
11
4
1
0
0
2
5
1
0
1
1
4
18
19
0
3
2
2
4
11
3
2
6
7
2
8
18
5
2
0
3
0
5
5
4
13
0
0
8
1
0
2
3
5
6
0
3
1
0
2
0
1
0
0
1
2
2
0
2
2
2
5
2
11
6
4
0
3
3
5
1
6
4
5
0
0
1
0
14
13
4
7
3
0
5
6
0
0
0
1
1
1
0
1
2
3
4
3
4
10
16
7
0
0
5
1
2
2
1
2
2
2
3
4
0
6
9
5
3
1
1
3
2
6
4
2
3
1
9
0
1
1
7
10
8
2
1
0
1
4
2
3
5
14
21
18
1
1
5
13
13
7
1
1
0
0
1
0
0
1
1
9
14
8
6
3
0
2
0
0
11
7
3
1
5
3
4
0
6
1
4
0
5
7
13
4
1
3
1
0
3
2
7
8
4
1
1
4
13
6
0
0
0
5
4
0
3
2
1
5
13
22
0
4
7
10
2
2
0
4
0
0
3
5
7
1
1
0
3
4
7
0
3
3
0
0
16
10
13
11
9
3
0
2
1
0
1
2
1
1
1
4
2
8
2
3
3
2
2
5
2
7
9
16
7
4
4
14
16
5
3
4
4
1
6
2
8
13
6
0
7
0
7
3
1
4
1
1
2
2
1
8
0
0
1
0
0
1
2
1
0
0
7
6
2
6
2
3
7
11
0
4
2
6
6
8
3
2
0
3
4
1
2
1
5
0
6
7
7
0
1
0
4
2
2
1
1
2
2
1
0
0
15
26
3
1
0
2
5
3
1
5
1
3
0
5
1
18
16
12
1
5
5
8
2
0
0
0
8
13
12
1
3
8
11
3
5
2
11
7
7
2
5
1
0
3
2
4
8
10
3
2
2
5
4
8
2
2
3
5
1
3
0
2
2
7
3
5
9
18
0
6
8
3
2
5
0
4
11
7
5
0
4
1
1
4
8
5
1
0
0
0
0
0
11
7
5
2
3
2
0
4
2
1
1
0
0
1
1
0
0
3
2
1
0
4
1
6
4
3
4
4
4
3
5
1
2
1
3
0
1
3
5
2
11
15
0
0
5
17
15
5
2
4
1
0
1
2
5
5
2
6
5
0
0
0
0
6
0
0
8
6
2
4
2
0
5
6
0
3
1
3
3
9
10
8
11
6
1
2
11
13
7
1
2
1
1
1
1
1
0
0
0
2
0
5
11
3
2
6
7
12
4
4
3
2
3
1
0
2
4
4
1
2
7
5
0
2
5
5
3
2
3
2
0
0
12
6
4
3
3
6
8
5
1
1
1
3
1
3
0
0
0
2
2
1
0
0
1
3
5
4
1
4
2
1
0
0
1
0
2
5
1
2
1
4
13
19
4
2
7
1
4
4
2
5
8
1
6
2
2
2
4
2
2
1
1
0
1
2
0
0
7
4
1
0
4
0
4
4
4
1
1
2
0
1
2
3
4
2
3
4
10
9
3
3
8
5
3
2
4
2
5
4
2
3
4
2
3
1
4
2
12
15
1
0
0
0
2
1
0
2
2
0
3
4
6
0
1
0
0
0
1
0
4
3
0
0
9
8
7
1
5
2
3
7
6
5
3
2
6
6
8
8
9
2
4
0
2
0
3
3
2
1
0
0
5
1
5
0
3
1
2
3
8
3
2
3
13
16
0
0
2
3
2
3
0
2
0
4
2
5
8
11
8
3
5
2
