0
0
16
28
15
2
2
7
0
0
0
1
1
1
10
15
0
2
3
7
1
4
0
11
1
1
0
3
1
1
1
4
1
8
7
4
0
3
0
0
2
0
0
0
0
0
0
0
2
2
9
6
5
0
4
7
6
15
26
19
39
111
426
632
269
62
11
12
3
9
6
6
1
5
5
8
9
11
2
4
12
14
0
0
6
20
15
7
6
7
0
0
0
0
0
0
0
11
10
0
1
2
3
3
0
0
16
5
3
0
2
0
1
0
0
3
3
6
0
3
3
8
0
0
0
11
7
6
0
1
2
1
0
3
3
1
9
0
4
0
1
7
11
15
5
0
10
13
0
0
3
0
4
3
0
0
1
0
3
4
15
13
0
0
0
0
0
0
0
1
0
0
8
3
1
2
0
1
2
10
15
6
0
0
0
0
0
0
4
16
8
5
14
16
8
5
7
2
1
1
9
7
5
2
2
0
2
0
0
1
5
6
10
22
6
2
1
2
0
2
0
12
5
2
0
3
0
1
0
4
2
7
4
2
0
0
0
0
3
1
2
1
1
2
1
5
6
1
1
7
15
1
0
1
0
0
3
0
0
2
5
18
10
5
0
8
11
5
0
3
1
4
3
1
0
1
1
5
22
18
0
1
1
0
3
9
1
2
3
5
0
3
13
5
0
0
0
0
3
3
7
14
0
2
10
2
4
4
5
10
7
4
1
4
1
4
0
3
2
2
1
2
2
0
1
2
1
4
2
10
4
1
1
1
3
2
4
7
4
2
0
0
2
1
8
15
4
8
4
1
5
8
3
0
3
3
4
5
0
5
0
4
4
6
3
13
18
12
0
0
4
2
0
1
0
2
1
0
1
0
0
4
6
7
3
2
0
2
0
4
4
2
0
1
10
0
2
0
7
12
7
4
3
3
2
4
6
7
6
17
19
19
2
4
4
15
13
7
2
1
0
0
1
0
0
0
0
5
13
8
6
1
0
0
0
0
8
6
2
1
1
2
6
0
3
3
4
3
3
8
10
8
1
5
5
2
2
4
8
9
4
4
0
8
13
6
0
0
0
4
2
0
1
1
0
4
14
19
0
3
6
7
0
0
0
1
0
0
0
4
3
2
3
1
4
4
3
0
4
4
0
0
18
16
13
13
8
6
0
4
0
2
0
2
0
0
0
2
3
6
0
1
2
0
0
4
2
4
5
11
8
2
2
11
15
5
1
2
4
0
7
2
11
12
5
0
4
3
6
2
0
5
0
2
1
3
0
8
0
1
0
1
0
0
2
0
0
0
5
1
1
2
1
0
6
8
2
1
0
1
4
4
1
0
0
1
1
0
2
1
3
0
3
8
4
0
0
1
2
3
2
4
2
3
0
3
1
3
14
24
0
3
0
1
4
4
1
5
0
0
0
1
2
17
14
4
0
0
2
5
0
0
0
0
7
11
12
0
2
8
8
3
3
1
8
7
6
4
6
4
0
2
5
7
8
11
1
2
0
3
2
7
2
2
2
4
1
0
0
0
2
4
0
1
7
14
0
1
3
2
0
1
0
3
8
7
4
1
2
0
0
2
10
5
3
3
3
3
0
0
11
9
3
6
1
4
3
6
0
4
0
1
0
1
0
0
0
2
0
0
0
2
1
1
2
2
2
3
1
1
3
0
1
1
0
0
0
3
4
2
11
16
0
0
6
17
16
7
4
10
0
2
0
3
4
6
1
9
4
1
0
1
0
2
0
0
7
4
0
1
1
0
0
4
0
2
0
3
0
7
11
8
5
4
0
3
6
12
8
5
4
3
1
3
2
2
3
3
1
5
0
6
6
6
3
8
10
14
0
6
2
3
2
1
0
4
3
4
0
1
3
4
0
2
1
3
0
0
0
0
0
0
9
8
3
0
3
4
8
7
2
4
3
3
1
6
0
1
0
2
0
1
0
4
0
6
6
6
0
4
1
4
0
0
0
1
0
2
0
1
0
1
12
17
0
1
2
1
0
3
0
3
3
3
2
3
1
6
5
4
2
2
3
4
0
3
0
0
5
5
0
3
1
0
2
6
0
0
0
1
0
1
0
1
2
1
0
4
8
10
1
2
0
1
0
3
1
0
1
0
0
0
4
2
4
5
6
4
9
17
2
2
0
3
0
4
0
4
0
2
3
5
4
1
0
3
0
0
0
0
0
3
0
0
5
8
2
3
1
2
0
5
4
4
1
1
1
2
4
7
5
5
4
2
3
2
2
8
3
5
0
0
0
4
3
2
1
2
0
4
4
3
0
1
10
16
0
0
0
1
0
2
0
2
0
3
0
2
3
5
3
3
0
1
