0
0
11
24
11
0
0
4
0
0
0
0
0
0
7
13
0
0
2
4
0
0
0
5
0
0
0
1
0
0
0
1
0
6
3
2
0
2
0
0
0
0
0
0
0
0
0
0
0
0
3
4
0
0
0
3
1
9
17
7
12
26
40
107
443
589
222
53
14
9
6
4
0
6
5
6
8
9
0
3
10
11
0
0
2
16
13
4
5
5
0
0
0
0
0
0
0
10
8
0
0
0
0
0
0
0
17
5
2
0
0
0
0
0
2
0
1
3
0
1
1
8
0
0
1
7
6
2
0
0
0
0
0
0
0
0
6
1
3
0
0
6
6
11
1
0
10
12
0
0
0
0
1
2
0
0
0
0
0
5
14
12
0
1
1
0
0
0
0
2
0
0
8
4
0
0
0
0
0
7
11
5
0
0
0
0
0
0
0
13
7
3
10
11
2
5
2
0
0
0
6
9
0
1
0
0
0
0
2
0
5
7
5
20
10
0
0
0
0
0
0
7
3
0
0
0
0
0
0
0
0
3
2
0
0
0
0
0
3
0
0
0
0
0
0
2
4
0
0
6
10
0
0
0
0
0
0
1
0
1
3
19
10
2
0
6
11
3
0
0
0
0
3
1
0
0
3
3
15
15
0
1
1
0
1
5
0
0
3
5
0
1
11
5
0
0
0
0
0
2
5
12
0
0
10
3
3
4
5
7
9
2
3
0
0
2
0
2
0
0
0
0
1
0
1
0
0
0
0
7
4
0
0
0
1
1
0
3
1
0
0
0
0
0
7
12
2
7
2
0
2
6
1
0
0
1
3
2
1
0
4
5
7
4
3
9
15
6
0
0
3
0
1
0
0
0
0
0
0
0
0
2
7
2
1
0
0
0
0
1
0
0
0
1
4
0
0
0
3
7
4
1
1
0
0
1
6
5
7
16
21
18
2
0
2
13
12
6
1
1
0
0
0
0
0
0
0
5
9
3
1
0
0
0
0
0
4
1
0
0
1
0
0
0
0
0
2
0
2
6
9
4
0
3
1
0
1
2
6
9
4
1
0
3
11
4
0
0
0
1
0
0
0
0
0
0
9
16
0
0
4
3
0
0
0
0
0
0
0
3
3
0
0
0
0
1
3
0
0
1
0
0
13
11
14
11
10
6
0
1
2
0
0
0
0
0
0
0
2
2
1
0
0
0
2
1
0
3
6
9
8
0
0
8
11
1
0
1
3
0
3
0
5
10
0
0
1
4
5
2
0
4
0
3
1
0
3
6
0
0
2
0
0
0
1
0
0
0
4
0
0
1
0
0
5
5
0
0
0
1
1
0
0
0
0
0
0
0
0
0
1
0
0
5
1
0
0
0
0
3
1
1
0
2
0
1
1
0
13
22
2
0
0
1
0
0
0
3
0
0
0
0
1
13
12
4
0
0
1
3
1
0
0
0
5
11
9
0
0
5
6
1
0
1
7
5
5
3
1
2
0
3
3
2
9
10
1
1
0
1
1
1
1
0
0
1
0
1
0
0
0
0
0
0
9
10
0
1
3
0
0
0
0
4
7
5
0
0
0
0
0
1
6
4
0
1
1
1
0
0
9
6
4
1
0
1
2
2
0
0
0
0
0
0
0
0
0
0
0
0
0
0
0
0
0
0
0
0
0
0
0
0
0
0
0
0
0
2
2
0
7
13
0
0
4
20
13
6
4
6
0
0
0
1
3
4
0
6
3
0
0
0
0
2
0
0
4
0
0
0
0
0
0
1
0
0
0
0
0
6
7
5
1
4
0
3
7
14
8
1
1
1
1
2
2
2
0
2
0
1
0
3
6
2
1
3
4
11
0
2
0
2
0
0
0
0
0
2
0
0
1
3
0
0
0
2
0
0
0
0
0
0
8
5
0
1
1
6
8
5
2
1
2
3
3
5
0
0
0
0
0
0
0
0
0
3
3
1
0
2
0
0
0
0
0
0
0
1
0
0
0
0
11
16
0
0
0
0
0
0
0
1
2
0
1
2
0
3
2
2
2
1
0
1
0
2
0
0
3
5
0
0
0
0
1
3
0
0
0
0
0
0
0
2
0
0
0
0
5
7
0
0
0
0
0
0
0
0
0
0
0
0
1
0
2
2
2
4
8
15
0
0
0
0
0
0
0
1
0
0
0
5
2
0
0
0
0
0
0
0
0
1
0
0
6
3
0
0
0
0
0
3
2
0
0
0
0
0
1
6
1
2
2
0
0
3
2
4
2
1
0
0
2
0
0
0
0
0
0
2
3
0
0
0
5
13
0
0
0
0
0
1
0
0
0
1
0
0
1
6
3
0
0
0
