0
0
9
24
11
0
3
3
0
0
0
0
1
0
7
11
0
0
2
1
0
0
0
6
1
0
0
8
24
37
107
337
1020
985
343
86
16
13
0
0
5
3
0
0
0
0
0
0
0
0
4
5
2
0
0
6
0
10
17
5
0
12
4
0
0
0
0
2
0
3
3
0
0
1
0
3
6
7
2
4
5
13
0
0
3
19
14
9
5
10
0
0
0
0
0
0
0
9
9
0
0
0
0
0
0
0
16
3
1
0
0
0
0
0
0
0
0
1
0
0
0
7
0
0
0
5
5
3
0
1
1
0
0
5
1
3
6
3
2
1
0
7
9
14
2
0
6
13
0
0
0
0
1
4
0
0
0
0
0
4
15
12
0
0
0
0
0
0
0
1
0
0
8
2
1
2
0
1
1
12
13
11
0
3
0
0
0
0
1
18
7
6
12
15
2
5
1
0
0
0
3
6
1
0
0
0
0
0
0
0
3
3
8
18
8
0
0
0
0
0
0
7
2
0
0
0
0
0
0
4
0
7
2
4
0
4
0
0
2
3
0
0
0
0
0
1
3
0
0
7
7
0
0
0
0
0
0
0
0
0
3
13
8
0
1
4
10
0
0
0
0
0
0
0
0
0
1
5
19
20
0
4
0
1
1
9
0
3
2
4
0
3
11
4
0
1
0
0
0
1
0
10
0
0
4
0
2
0
3
4
7
0
2
0
0
0
0
3
0
0
0
0
0
0
0
1
0
3
0
9
2
1
0
1
2
4
0
6
1
3
0
0
0
0
5
14
1
4
1
0
0
5
0
0
0
0
2
0
0
0
1
1
2
2
1
9
15
8
0
0
4
0
0
0
0
1
0
1
0
1
0
6
7
7
0
0
0
1
0
3
0
2
0
0
4
0
0
0
1
9
2
0
0
0
0
2
1
2
6
12
18
15
1
1
4
11
15
5
2
0
0
0
0
0
0
0
0
3
9
7
0
1
0
1
0
0
4
7
0
3
0
0
0
0
0
1
1
1
0
4
4
1
0
1
1
1
0
0
6
6
2
0
0
2
7
3
0
0
0
0
2
0
0
0
0
2
9
17
0
0
3
6
0
0
0
3
0
1
1
5
4
1
0
0
0
2
0
0
0
0
0
0
14
8
9
7
6
1
0
0
0
0
0
0
0
0
0
0
1
3
2
0
0
0
0
3
0
4
4
12
4
0
0
11
11
5
0
2
0
1
1
1
6
12
1
0
0
0
1
0
0
3
0
0
0
0
3
4
0
0
0
0
0
0
2
0
0
0
5
0
1
1
1
0
4
6
0
0
0
1
0
2
0
0
0
1
0
0
0
1
0
1
0
4
0
0
0
0
0
1
0
0
0
0
0
0
0
0
12
20
2
0
0
0
1
1
0
2
1
0
0
0
0
14
15
5
0
0
0
2
0
1
0
0
5
12
6
4
0
9
2
3
0
2
2
4
2
2
0
0
0
0
1
2
8
6
0
0
2
0
0
2
2
1
1
1
2
0
0
0
1
3
0
0
5
12
0
1
3
0
0
1
0
4
6
7
0
2
0
0
0
1
5
5
0
0
0
0
0
0
8
4
5
1
1
0
1
0
1
0
1
0
1
0
0
0
0
0
0
0
0
0
0
0
0
1
0
0
0
0
0
1
0
0
0
1
0
2
0
0
7
13
0
0
0
15
9
2
3
1
0
0
0
0
4
4
0
3
4
0
0
0
0
0
0
0
6
2
0
0
0
0
1
2
0
0
0
0
0
6
7
6
5
7
0
2
4
11
5
1
0
0
0
0
0
0
0
0
0
0
0
2
3
0
0
2
9
8
1
1
4
1
3
0
0
0
2
1
0
0
1
3
0
0
0
2
0
0
0
1
0
0
6
5
0
0
0
4
6
4
0
0
0
0
0
1
0
0
0
0
0
0
0
1
0
2
5
1
0
2
2
0
0
0
0
0
0
0
0
0
0
0
9
15
0
0
0
0
0
0
0
3
0
5
0
3
0
4
1
2
0
0
0
0
0
0
0
0
1
0
0
0
0
0
1
0
1
0
0
0
0
0
0
1
0
0
0
0
6
6
0
0
0
0
0
0
0
0
0
1
0
0
0
3
0
3
0
4
4
13
0
0
0
0
0
0
0
0
0
0
0
1
2
0
0
0
0
0
0
0
0
0
0
0
5
5
0
0
0
0
0
2
0
1
0
0
0
2
0
4
0
5
0
1
0
1
0
3
0
0
0
0
0
0
0
0
1
0
0
3
2
0
1
0
10
12
0
0
0
0
0
0
0
0
0
1
0
0
1
4
0
0
0
0
