0
0
11
26
13
0
0
4
0
0
0
0
0
0
3
9
0
0
0
1
0
0
0
6
0
0
0
2
1
0
0
3
0
7
4
3
0
1
0
0
3
0
0
0
0
0
0
0
2
0
4
2
1
0
0
3
0
11
14
4
2
11
14
12
31
119
458
539
192
44
13
7
1
3
5
8
8
11
3
5
8
12
0
1
6
17
14
5
7
4
2
0
0
0
0
0
0
10
12
0
0
0
0
0
0
0
12
3
0
0
0
0
0
0
0
0
0
0
0
0
2
7
0
0
3
5
5
5
0
1
2
3
0
3
2
2
9
0
6
0
1
3
12
10
5
0
11
11
0
0
0
0
2
3
0
0
0
0
0
2
14
12
0
0
0
0
0
0
0
0
0
0
9
1
0
1
0
2
1
11
12
6
1
0
1
0
0
0
3
12
12
3
12
13
4
4
3
0
0
0
3
6
0
0
1
0
0
0
0
0
2
2
4
17
7
0
0
0
0
0
0
6
5
0
0
0
1
2
0
2
3
3
6
0
1
0
0
0
7
0
0
0
3
0
0
0
3
0
0
5
10
0
0
0
0
0
0
0
0
0
2
12
8
0
0
4
10
3
1
0
0
0
2
0
0
0
1
5
18
18
0
3
4
1
4
7
4
0
3
4
0
3
12
5
0
0
0
0
0
2
3
13
0
0
6
0
0
0
0
5
6
0
0
0
0
0
0
2
0
0
0
3
1
1
3
4
3
5
2
8
4
0
1
0
2
1
2
2
3
1
0
0
0
0
7
13
0
7
0
0
1
5
0
0
0
2
0
0
0
0
1
3
3
2
2
12
14
9
0
0
0
4
0
3
0
1
0
1
3
0
0
2
8
2
0
0
0
0
1
2
2
2
0
0
3
0
0
0
2
7
1
0
0
0
0
2
2
1
4
14
18
17
0
2
0
12
12
8
0
3
0
0
0
0
0
0
0
4
11
5
4
0
0
0
0
0
6
4
0
0
1
0
0
0
0
0
0
0
0
4
7
5
0
0
0
0
0
1
4
8
3
3
0
4
10
7
0
0
0
5
2
0
0
0
0
0
10
14
0
0
6
2
0
0
0
0
0
0
3
3
2
0
0
0
0
0
0
0
0
0
0
0
12
11
11
10
8
4
0
1
0
1
0
0
0
1
0
0
1
2
2
1
0
0
3
0
0
1
9
7
7
0
0
8
16
3
0
0
1
0
2
0
4
10
0
0
0
0
2
0
0
3
0
1
0
0
0
6
0
0
0
0
0
2
0
0
0
0
4
2
0
1
2
0
7
6
0
0
2
0
2
2
0
0
0
0
2
0
0
0
0
0
0
4
0
0
0
0
0
0
0
1
0
1
0
0
0
0
10
22
0
0
0
2
0
2
0
4
0
0
0
0
2
14
14
3
1
0
4
0
2
0
0
0
3
10
7
0
0
3
4
3
0
0
3
4
1
4
0
1
0
2
2
3
7
8
0
2
0
0
0
3
0
0
0
2
0
0
0
0
3
1
1
1
9
11
0
0
4
0
0
0
0
2
6
3
1
0
0
0
0
3
4
4
0
0
0
0
0
0
6
7
1
1
0
0
1
0
0
0
0
0
0
0
0
0
0
0
0
0
0
1
2
0
1
0
1
0
0
0
2
0
0
0
0
0
0
0
0
1
6
13
0
0
1
16
10
4
1
5
0
0
0
0
2
3
0
5
5
0
0
0
0
1
0
0
4
2
0
0
0
0
1
1
0
0
0
0
1
4
9
4
4
2
0
0
6
11
7
0
1
0
0
1
0
0
0
0
0
0
1
6
7
2
2
2
7
11
0
1
1
2
2
0
0
0
4
0
1
0
3
2
3
0
3
0
0
0
0
0
0
0
7
5
2
0
0
3
5
3
0
3
1
0
0
3
0
0
0
0
0
0
0
1
0
2
2
2
2
1
0
0
0
0
1
0
0
0
2
0
1
0
12
14
1
0
2
0
0
0
0
1
0
0
1
1
0
2
1
1
0
0
0
1
0
0
0
0
4
3
1
0
0
0
0
1
0
0
0
0
0
0
1
0
2
0
0
1
7
8
3
0
2
0
0
0
0
0
0
0
0
1
0
0
0
0
0
1
5
14
0
0
0
0
0
1
0
0
0
0
0
1
3
0
0
0
0
0
0
0
1
0
0
0
5
3
3
0
0
0
1
3
3
0
0
0
0
2
1
4
2
1
0
0
0
2
0
6
1
1
0
0
2
1
0
0
2
0
0
1
3
0
0
0
9
12
0
0
1
0
0
0
0
0
1
0
0
0
3
3
3
0
0
0
