0
0
13
26
14
0
2
3
0
0
0
0
0
0
7
13
0
1
0
5
0
0
0
8
0
0
0
1
2
0
0
3
0
6
6
1
0
3
0
0
2
0
0
0
0
0
0
0
0
0
7
2
2
0
0
4
2
10
16
2
1
13
5
3
8
14
35
139
477
493
157
32
7
9
5
8
8
10
1
4
11
13
0
0
5
18
14
6
7
5
0
0
0
0
0
0
0
9
12
0
0
0
3
3
0
0
14
4
0
0
0
0
0
0
0
0
0
3
0
1
4
7
0
0
0
8
5
3
0
0
1
0
0
1
2
1
6
0
4
0
0
5
10
12
3
0
10
11
2
0
0
0
3
1
0
0
0
0
1
3
13
11
0
0
0
0
0
0
0
3
0
0
9
3
1
3
0
0
1
8
10
3
0
0
0
0
0
0
3
14
9
5
13
12
6
1
5
0
0
0
6
6
1
0
0
0
0
0
0
1
0
3
6
20
6
0
0
0
0
0
0
10
4
0
0
0
0
0
0
1
1
3
4
0
0
0
0
0
5
0
0
0
4
0
0
1
6
0
0
5
10
0
0
0
0
0
0
0
0
0
0
14
8
2
0
7
8
2
0
2
0
2
1
0
0
0
1
3
17
17
0
0
0
0
4
5
3
0
4
3
2
1
15
3
0
0
0
0
0
1
2
10
0
1
6
0
0
1
2
6
4
2
1
0
0
1
0
3
0
0
0
1
0
0
0
0
0
2
0
7
5
0
0
0
1
1
2
1
3
3
0
0
0
0
8
12
2
7
1
0
2
5
0
0
0
1
0
1
0
2
0
5
2
2
0
10
15
7
0
0
2
0
0
0
0
2
0
0
0
0
0
2
9
3
0
0
0
0
4
3
4
1
0
0
5
0
0
0
3
7
4
0
0
0
0
3
2
6
4
15
16
19
0
1
3
10
11
6
0
0
0
0
0
0
0
0
0
4
10
7
4
0
0
0
0
0
7
2
1
0
1
0
2
0
0
0
0
0
0
4
4
2
0
3
0
0
0
0
4
8
2
3
0
4
8
3
0
0
0
2
1
0
0
0
0
2
10
16
0
0
6
3
0
0
0
0
0
0
5
0
3
0
0
0
0
2
1
0
0
0
0
0
11
9
8
9
5
5
0
0
0
1
0
0
0
0
0
0
1
4
1
0
1
0
0
0
1
4
7
6
8
0
2
7
15
1
0
0
2
0
4
1
8
11
0
0
0
0
0
0
0
0
0
0
0
0
0
3
0
0
0
1
0
0
0
1
0
0
3
3
0
3
0
1
6
6
1
0
2
0
3
1
2
0
0
0
0
0
1
0
0
0
0
2
0
0
0
0
0
0
0
0
0
0
0
0
0
0
7
21
0
0
0
1
1
4
0
5
0
0
0
1
4
16
12
3
0
0
4
3
1
0
0
0
6
9
11
0
2
5
5
0
0
0
4
3
2
0
1
1
0
0
0
0
7
7
0
0
0
3
2
5
1
0
1
5
1
2
0
0
3
3
0
0
8
11
1
0
7
0
0
0
0
1
8
4
5
0
0
0
0
0
6
2
0
0
0
0
0
0
8
5
2
0
0
0
1
2
0
1
0
0
0
0
0
0
0
0
0
0
0
0
0
0
1
0
4
1
1
0
1
0
1
0
0
0
0
0
1
0
5
11
0
0
3
13
9
1
2
2
0
0
0
0
2
3
0
7
3
0
0
0
0
0
0
0
7
2
0
0
0
0
3
1
1
0
1
0
1
3
11
4
6
4
0
0
6
10
5
0
0
0
0
0
0
0
0
0
0
0
0
1
5
0
1
5
9
11
0
4
0
3
1
1
0
1
4
1
3
0
5
2
1
0
2
0
0
0
0
0
0
0
7
3
0
0
0
1
4
2
0
0
0
0
0
0
0
0
0
0
0
0
0
1
1
3
2
2
1
5
0
3
0
0
3
0
0
1
3
0
1
0
13
16
0
0
2
0
0
1
0
0
1
0
1
1
0
1
2
0
0
0
0
0
0
0
0
0
4
0
0
1
1
1
1
2
0
0
0
0
1
1
1
3
3
0
1
0
6
7
0
0
1
0
0
0
0
0
0
0
0
0
0
0
1
0
0
0
5
12
0
0
0
0
0
0
0
0
0
0
1
3
2
0
0
0
1
0
2
0
1
1
0
0
6
6
4
0
2
0
0
0
1
0
0
0
0
0
0
3
1
2
1
0
0
0
0
0
0
0
0
0
2
0
0
0
2
0
0
1
4
0
0
0
12
14
0
0
0
1
1
0
0
0
0
2
0
0
1
4
1
0
0
0
