0
0
14
28
14
3
2
6
0
2
0
1
0
0
2
10
0
0
0
0
0
0
0
3
0
0
0
0
1
0
0
0
0
5
5
1
0
0
0
0
5
0
0
0
0
0
0
0
1
3
7
6
1
0
0
7
1
13
14
8
3
15
5
0
0
2
7
18
57
162
500
431
120
24
10
7
8
8
2
3
12
11
0
0
3
17
16
5
9
5
0
0
1
0
0
0
0
11
13
2
0
2
1
3
0
0
12
7
0
1
0
0
0
0
0
0
1
0
0
0
4
7
0
0
0
7
7
0
0
0
2
1
0
1
1
0
5
0
5
0
2
4
14
11
8
0
14
15
0
1
0
0
2
5
0
0
0
0
0
5
11
13
0
0
0
0
0
0
0
0
0
0
9
0
1
0
0
0
1
11
16
5
1
0
0
0
0
0
5
13
12
6
13
15
7
7
7
2
1
1
7
11
2
3
0
0
0
0
0
0
4
2
7
17
5
0
0
0
0
0
0
9
5
0
0
0
0
0
0
2
1
4
5
0
0
1
0
0
7
4
1
0
3
1
1
3
5
0
0
8
7
2
0
0
0
0
0
0
0
0
3
13
6
0
0
4
8
1
0
0
0
0
3
0
0
0
1
3
18
16
0
0
4
0
7
7
2
0
5
7
3
6
14
7
0
0
0
0
0
4
5
12
0
0
6
0
2
2
1
3
5
0
2
0
0
0
0
0
0
0
0
1
3
0
1
0
0
0
2
8
7
0
2
2
5
2
2
5
5
4
0
1
0
0
5
12
1
7
1
0
3
5
0
0
0
0
0
0
0
0
0
1
4
0
2
10
15
5
0
0
3
0
1
1
0
0
0
1
3
0
0
3
10
6
1
1
0
2
1
3
2
3
0
2
3
1
0
0
4
5
3
0
0
0
0
0
2
3
6
13
18
15
0
0
1
12
12
5
2
1
0
0
0
0
0
0
0
4
11
6
7
1
1
0
0
0
9
6
0
0
1
1
1
2
0
0
1
0
0
4
8
3
0
1
1
0
0
0
4
6
3
0
0
3
12
2
0
0
0
1
1
0
0
0
4
3
11
17
0
0
8
4
0
0
0
2
0
0
0
7
2
1
0
0
0
2
3
0
0
0
0
0
15
7
11
9
7
3
0
0
0
0
0
0
0
0
0
0
1
3
2
1
1
0
3
3
1
4
9
11
9
2
2
11
15
4
1
2
3
0
4
2
6
12
0
0
0
0
2
0
0
2
0
0
0
0
1
2
0
0
0
0
0
0
0
0
0
0
4
0
1
1
4
0
8
5
3
1
4
3
4
3
2
0
0
2
2
0
0
1
0
0
0
4
0
0
0
0
0
0
0
0
0
1
1
0
0
0
13
20
2
0
1
0
2
1
0
3
0
0
0
0
3
13
18
6
1
1
5
5
1
1
0
0
5
11
8
1
0
6
5
3
0
1
2
4
3
1
1
0
0
0
0
0
7
6
0
0
0
1
1
3
1
0
2
3
1
0
0
0
2
0
2
0
10
13
0
2
4
0
0
3
0
7
8
7
0
0
0
0
0
0
5
2
0
0
0
0
0
0
8
5
1
0
0
0
0
1
0
0
0
0
0
0
1
0
0
0
0
0
2
0
1
0
3
0
1
2
3
1
0
2
0
0
0
0
0
3
3
1
9
13
0
0
2
15
9
1
2
1
0
0
0
0
3
4
1
4
5
0
0
0
0
0
0
0
7
3
1
0
2
0
4
3
2
0
0
0
0
7
10
6
2
2
0
1
7
12
5
0
0
0
0
0
0
0
0
0
0
0
0
1
7
1
0
2
6
11
0
2
2
1
1
0
0
0
2
4
2
0
5
4
1
0
2
3
1
0
0
0
0
0
8
4
0
0
1
2
5
0
0
0
0
0
0
0
0
0
0
0
0
0
0
0
1
0
3
3
1
1
1
0
0
0
1
0
1
1
3
0
2
3
12
17
0
1
2
0
0
0
0
1
0
0
0
0
0
0
0
0
0
0
0
0
0
0
0
0
3
0
0
0
0
0
3
1
0
0
0
0
0
0
3
1
3
0
1
1
9
8
2
0
1
2
0
2
0
0
0
0
0
0
0
0
0
0
0
1
6
12
0
0
0
0
0
0
0
0
0
0
1
1
2
0
0
0
0
0
0
0
0
0
0
0
7
6
4
1
2
3
2
6
3
1
0
0
0
0
0
3
2
0
0
0
1
0
0
1
1
0
0
0
0
0
0
0
0
0
1
3
4
0
1
0
7
12
0
0
0
0
0
0
0
2
0
4
1
0
3
8
3
1
0
0
