3
2
17
28
18
2
3
4
1
2
2
3
0
0
6
12
0
0
3
3
2
0
0
5
2
0
1
2
3
0
1
4
2
10
8
5
1
5
0
0
5
2
0
1
1
0
1
0
2
0
7
4
4
0
3
8
4
12
19
6
5
13
4
0
0
2
0
9
14
19
45
186
514
396
109
24
14
9
5
5
13
13
0
4
7
21
16
10
8
9
2
0
1
0
2
0
0
10
14
0
1
1
4
3
0
0
14
5
1
0
0
0
0
2
0
0
3
1
1
2
2
6
0
0
4
5
8
3
0
0
3
4
0
6
2
4
9
2
8
2
4
7
14
12
8
2
12
13
0
0
1
0
3
5
0
0
0
0
0
4
15
12
0
0
0
0
0
0
0
0
0
0
11
1
2
0
0
0
4
12
16
8
2
2
2
1
1
1
8
19
11
7
15
15
8
7
7
0
0
0
5
8
2
3
0
0
0
0
1
0
4
6
8
18
6
0
1
0
0
0
0
9
4
0
0
2
3
0
2
4
6
7
6
0
2
3
0
0
9
4
2
0
3
3
0
4
7
1
0
7
12
0
0
0
0
0
0
0
1
0
3
14
10
0
0
6
11
2
1
0
1
0
4
0
0
0
2
6
22
19
0
3
4
3
7
9
2
1
7
7
4
7
12
5
0
1
0
0
0
4
6
13
0
0
8
2
0
1
5
5
6
1
2
0
0
1
1
1
2
0
0
2
4
1
4
5
4
4
5
8
8
2
3
4
6
5
5
6
5
5
0
0
0
0
9
13
3
9
3
1
5
5
3
0
0
2
1
0
3
1
0
2
5
4
4
13
15
6
0
0
6
2
2
4
0
2
2
3
3
3
2
6
13
8
4
2
1
2
2
5
1
3
0
1
7
1
0
0
6
9
4
3
2
1
0
2
3
5
5
15
21
16
3
0
4
12
16
6
5
2
0
0
4
0
2
2
2
9
15
10
8
2
2
3
0
0
10
7
0
0
2
0
3
0
1
1
2
1
1
8
9
5
0
4
3
0
3
0
5
7
7
0
1
3
12
6
2
1
2
2
4
0
2
1
4
3
14
20
2
3
11
6
3
2
0
1
0
2
3
3
3
1
0
0
2
3
1
0
0
2
0
0
17
11
13
11
6
3
0
1
2
0
0
2
1
0
0
1
5
6
5
2
3
3
6
6
5
4
12
13
13
5
4
14
17
3
1
1
1
0
7
1
6
12
0
0
2
0
3
0
0
1
0
0
3
2
3
6
1
0
1
0
0
0
3
0
0
0
7
4
5
8
6
2
9
8
6
4
5
5
7
7
4
0
1
3
2
0
1
0
2
0
2
4
1
0
0
0
1
0
1
0
3
2
3
2
0
0
13
23
4
2
0
1
5
4
4
5
3
2
2
1
7
18
19
9
5
3
6
6
6
3
0
0
8
11
10
0
1
6
6
1
1
1
7
5
6
3
3
2
0
2
4
5
10
8
2
2
1
4
5
4
1
1
3
5
3
1
1
2
5
4
3
5
12
15
2
4
9
1
1
1
0
4
8
5
3
0
0
1
0
1
7
2
2
0
0
0
0
0
11
6
3
0
3
0
5
4
2
0
1
0
1
1
1
1
2
1
2
1
1
3
4
3
6
2
4
4
2
1
3
0
0
0
0
0
0
2
2
0
10
13
0
0
4
16
13
3
5
4
0
0
1
1
5
6
2
5
7
0
0
0
2
2
0
0
8
4
3
1
4
2
5
5
3
2
0
2
2
6
14
7
4
3
1
2
7
12
8
1
3
0
0
1
2
0
0
0
0
0
0
3
7
1
2
4
8
12
2
4
2
4
3
0
0
2
3
5
5
5
7
6
3
1
3
5
3
3
0
0
0
0
9
6
3
0
0
3
6
2
0
0
1
0
0
1
0
0
0
0
1
0
0
0
2
3
3
4
3
5
3
0
2
0
3
0
3
3
4
2
5
2
14
18
3
2
5
1
1
2
0
3
6
1
2
3
0
0
2
1
1
0
0
0
0
0
0
0
6
4
1
3
1
0
3
3
2
0
2
1
2
0
6
2
4
1
4
4
11
9
4
3
4
2
0
3
1
1
2
0
1
0
2
0
4
1
4
2
14
15
0
0
0
0
2
1
0
0
1
0
3
3
6
2
4
2
2
0
3
0
3
2
0
0
9
9
6
2
4
3
3
6
4
3
1
1
1
2
5
5
4
1
2
1
1
1
2
4
4
1
0
0
5
0
3
3
3
2
2
6
7
5
3
1
12
14
0
0
3
2
5
4
2
4
4
5
2
3
7
11
6
4
0
0
