0
4
28
29
16
5
4
7
2
1
1
1
5
1
12
11
4
1
4
6
0
0
0
5
1
0
0
2
4
0
0
4
1
8
7
3
0
3
0
0
6
1
0
2
2
1
0
3
0
3
4
8
2
1
0
9
3
10
20
7
9
14
8
1
3
0
0
6
5
11
18
20
48
214
516
355
95
26
9
8
12
15
0
0
5
21
17
9
7
7
0
1
0
1
0
1
0
15
12
4
0
2
3
5
0
0
15
3
5
1
0
0
2
3
2
0
3
4
5
0
5
7
0
0
1
9
7
4
0
1
4
3
0
3
3
3
8
4
6
3
0
10
12
17
5
5
12
17
0
1
0
0
3
3
0
0
0
0
3
5
16
14
2
0
0
0
0
0
0
1
0
0
8
0
4
3
0
0
3
12
16
7
0
2
0
1
0
0
3
18
10
10
12
17
6
9
6
5
0
1
9
9
4
2
0
0
3
2
4
2
7
4
11
20
9
0
1
0
0
0
0
13
7
1
0
3
1
0
0
3
2
8
6
1
0
4
0
0
6
5
2
2
1
2
0
4
6
2
3
10
12
0
1
0
2
0
2
0
3
0
6
17
12
1
1
7
11
3
1
0
1
0
3
0
0
0
2
6
21
18
0
4
1
3
3
9
3
6
5
8
3
6
13
9
0
2
1
0
5
6
7
13
0
3
12
1
5
2
8
6
13
3
5
1
0
0
4
3
0
0
3
2
3
0
1
1
3
3
4
9
7
2
1
2
3
6
2
6
6
7
0
2
3
3
9
14
4
8
5
1
6
8
3
0
2
1
5
2
5
1
5
4
8
3
7
11
16
8
0
0
5
0
1
2
0
2
1
1
2
0
0
6
8
6
1
1
0
2
2
5
3
7
0
6
3
1
0
2
6
10
6
1
4
2
4
4
7
5
8
15
24
19
4
3
7
14
15
8
1
1
2
0
2
0
0
0
0
5
12
8
5
1
0
4
0
0
8
9
2
2
1
5
0
4
2
5
3
3
5
7
10
4
1
4
5
0
5
0
8
8
9
0
2
3
15
5
0
0
1
3
3
0
1
0
3
2
11
19
0
0
7
5
2
2
0
4
0
3
2
8
3
1
2
2
3
3
5
0
3
1
0
0
17
11
16
10
11
4
0
0
5
1
0
2
0
0
0
1
3
6
3
2
1
0
5
4
3
4
6
12
9
4
2
13
16
7
1
4
4
2
5
3
13
14
4
0
6
1
8
0
2
6
2
0
4
1
2
6
0
0
2
2
0
0
3
0
0
0
5
5
1
3
3
2
5
9
1
1
2
3
5
7
4
3
0
3
3
3
3
3
1
3
3
7
4
0
3
0
2
1
5
2
3
1
3
2
1
1
13
24
2
0
0
4
5
5
1
4
1
1
0
3
2
20
15
8
0
3
4
9
4
5
0
0
6
15
8
5
2
9
10
4
3
1
9
6
6
4
6
3
0
0
8
3
12
13
3
3
2
4
6
6
3
3
2
3
2
1
0
1
4
5
2
4
9
15
0
6
4
4
0
4
0
6
9
10
1
5
0
1
0
3
7
5
2
0
5
1
0
0
13
9
5
4
4
2
3
4
3
2
1
0
2
1
2
0
0
3
0
2
0
2
3
3
3
6
4
6
2
3
1
3
1
3
0
3
1
2
3
0
11
15
0
0
25
18
17
6
6
6
2
0
1
1
6
6
2
9
6
1
0
0
1
3
0
0
8
3
0
1
0
0
3
6
3
1
1
3
1
11
10
9
6
7
1
3
6
12
8
3
4
3
2
1
6
0
3
1
4
0
5
6
11
1
5
5
10
12
3
6
2
4
2
1
0
2
4
4
2
2
4
5
0
4
2
5
2
2
0
2
0
0
9
6
2
0
2
3
8
3
6
1
3
0
5
4
2
0
0
1
4
0
2
3
4
3
8
6
3
4
1
4
1
3
1
2
3
5
0
5
3
7
12
20
3
2
4
4
1
5
0
2
5
1
5
4
2
5
5
1
2
0
4
0
3
0
0
0
10
5
2
1
4
1
3
4
2
1
0
2
0
3
2
5
2
2
1
5
7
12
1
4
2
3
2
4
5
2
2
0
0
1
3
3
2
3
6
3
9
14
5
0
2
1
3
2
2
0
3
2
6
4
7
2
1
0
1
1
1
4
0
3
0
0
6
9
5
5
3
4
2
8
6
5
2
2
1
2
3
5
4
3
4
1
3
1
2
4
5
3
0
0
6
0
6
2
5
0
5
5
9
4
5
2
11
17
0
1
1
4
2
3
0
5
1
5
1
3
5
10
7
5
2
1
