2
0
16
27
15
1
4
5
3
1
3
2
5
0
12
13
3
1
4
5
0
1
2
11
2
1
0
2
3
3
0
6
1
9
8
5
0
4
0
0
5
0
0
0
2
2
0
1
3
2
5
3
2
0
0
7
4
11
20
7
9
15
10
1
3
4
2
8
5
7
10
11
15
25
52
244
518
317
89
18
18
16
0
1
7
18
17
9
9
7
1
0
0
0
0
1
0
14
11
0
0
2
5
4
0
0
16
7
4
0
2
0
2
4
3
1
6
6
4
3
4
9
0
4
3
11
12
5
0
3
6
3
0
4
3
1
8
0
6
0
3
8
10
15
5
0
12
16
0
0
0
0
3
4
0
0
0
0
4
4
18
13
2
0
2
0
2
4
0
4
0
0
11
7
2
3
0
2
2
11
14
7
0
0
0
0
0
0
5
16
12
6
14
14
6
5
5
2
0
1
7
10
5
3
2
0
4
2
4
4
7
7
11
22
10
1
1
0
0
2
0
12
4
1
0
3
0
1
1
5
1
4
6
0
0
1
0
0
5
2
1
0
1
0
0
4
7
3
1
8
11
0
0
0
0
0
0
1
1
3
8
20
13
3
2
10
11
7
0
3
0
3
3
1
0
1
4
4
20
17
0
2
1
1
3
8
2
2
4
6
1
5
13
8
0
0
2
0
2
3
6
12
0
5
12
2
5
5
8
7
11
4
5
3
0
4
1
5
1
1
1
2
2
2
0
3
3
4
3
9
3
0
0
0
3
3
2
4
3
3
0
2
3
2
8
15
4
8
6
0
6
5
2
0
1
3
4
3
1
3
4
6
4
7
2
14
18
10
0
0
4
0
0
2
4
4
0
0
2
0
0
6
5
7
2
1
0
0
0
3
2
3
0
4
6
2
1
3
8
11
7
3
4
1
5
4
7
6
7
19
19
20
1
2
5
15
13
7
4
1
2
2
0
0
0
0
0
5
12
10
5
2
0
0
0
0
7
5
3
2
1
0
2
0
3
3
3
3
5
8
11
9
3
8
7
3
4
1
9
10
7
4
0
6
13
5
2
0
1
4
4
1
3
0
3
1
12
17
0
0
7
7
1
1
0
1
0
2
2
5
5
1
1
1
5
7
5
2
3
4
0
2
18
15
17
16
11
7
1
5
1
4
0
1
2
0
0
3
5
8
4
3
4
2
4
5
5
7
7
11
9
1
2
12
15
5
0
1
5
0
7
4
12
16
3
3
3
4
7
3
2
9
1
3
5
4
5
10
2
2
1
4
2
1
3
4
0
0
8
4
2
4
4
2
9
10
2
3
0
2
3
6
2
0
1
2
2
1
1
1
1
1
2
8
4
0
0
4
5
5
4
4
3
6
5
4
3
3
13
24
5
0
2
3
7
3
2
5
0
1
0
3
4
16
17
6
0
0
4
4
4
0
0
0
8
12
12
2
3
10
9
4
2
2
8
9
8
7
7
4
3
3
5
7
13
11
3
1
1
4
6
6
3
3
3
5
1
0
0
0
2
4
4
3
7
13
1
5
4
2
3
3
0
5
7
8
3
1
1
0
0
6
11
8
3
1
6
4
0
0
12
11
5
5
2
0
2
2
3
1
0
0
1
2
0
0
1
2
0
1
0
1
1
1
3
4
5
3
0
1
4
1
0
0
0
0
2
5
5
1
11
16
1
1
26
22
16
7
5
8
3
1
1
5
3
8
2
7
6
1
0
0
0
4
0
0
8
4
0
0
0
0
2
6
1
0
0
1
2
6
10
8
7
5
2
1
6
10
10
4
4
2
2
4
5
1
4
4
3
3
1
9
7
4
3
7
11
14
2
5
1
5
3
0
0
1
5
3
0
3
4
4
1
0
3
4
2
2
0
1
0
0
9
5
5
1
3
5
11
7
4
3
5
3
4
6
2
1
2
2
1
3
0
4
3
8
4
7
0
4
2
2
1
1
2
2
1
0
3
2
3
3
14
18
2
0
2
1
1
4
0
2
3
1
6
4
2
4
8
4
5
1
3
4
1
4
0
0
6
7
1
5
1
2
4
4
3
1
0
1
1
1
0
2
3
1
1
4
8
10
1
0
2
1
1
2
2
2
1
0
1
3
3
2
5
3
5
4
9
16
3
1
2
2
3
3
1
3
1
4
2
7
4
4
0
3
1
3
0
2
1
0
0
0
7
9
4
2
3
2
1
5
5
2
2
0
3
2
4
5
6
3
5
2
6
1
5
4
6
4
0
0
4
3
3
5
3
5
2
8
7
5
4
3
12
17
0
0
2
2
1
0
0
1
2
2
2
3
5
7
6
3
2
1
