0
4
13
30
15
5
2
8
0
1
1
6
0
2
9
13
0
0
5
3
1
0
3
8
5
0
0
0
6
0
2
5
0
8
6
4
0
2
0
0
6
0
0
0
0
1
0
2
0
2
7
7
3
2
0
9
1
13
16
7
5
15
6
1
3
1
2
6
5
4
8
4
6
11
18
24
61
277
511
267
70
23
2
2
6
20
16
7
8
6
1
0
0
0
0
0
0
12
10
1
0
3
1
4
0
0
15
9
0
2
0
2
0
4
0
2
4
4
4
2
8
7
2
0
8
8
14
6
0
1
5
2
1
3
3
2
10
3
4
2
0
7
12
15
6
3
10
15
0
0
1
1
3
7
0
2
0
3
0
8
15
16
0
1
0
0
2
0
0
0
0
0
13
3
4
0
0
0
4
10
16
7
0
1
0
0
0
0
6
16
11
6
14
14
5
6
6
1
0
3
6
9
3
4
0
1
1
3
0
3
5
6
10
21
7
3
2
0
1
0
0
10
9
0
1
0
4
0
4
5
4
4
7
1
0
3
0
0
5
2
0
0
5
0
1
3
6
0
0
7
12
2
0
1
0
1
0
3
0
1
4
18
12
4
0
7
12
3
3
0
3
3
7
0
2
0
5
5
24
16
1
3
2
0
4
9
1
0
3
5
3
4
12
6
0
0
0
0
2
4
6
13
0
6
9
4
2
5
3
10
10
5
4
3
2
3
3
7
4
1
4
2
7
1
4
2
4
4
0
8
4
1
0
2
4
3
3
4
3
3
0
0
0
2
7
15
3
7
3
3
3
10
0
3
0
7
3
4
1
4
0
3
6
4
6
9
17
10
0
0
6
1
3
1
3
2
2
0
3
0
0
4
8
6
1
3
0
2
0
5
3
3
0
3
4
1
0
2
5
12
4
4
2
4
1
7
4
7
7
16
19
19
5
3
7
14
16
8
6
0
4
1
4
0
0
0
0
6
14
10
4
2
0
0
0
0
7
3
2
2
0
2
1
0
3
2
2
4
1
9
7
7
0
8
3
2
0
3
8
9
7
3
1
6
14
4
3
0
2
4
5
0
2
0
2
3
12
17
0
2
6
6
0
0
0
2
0
0
2
3
2
1
0
0
2
4
2
0
0
2
0
1
16
14
10
13
6
4
2
3
2
2
2
0
2
0
2
2
7
7
5
2
3
0
3
4
2
6
8
12
10
1
0
11
15
5
0
2
2
0
5
3
8
15
2
2
0
3
5
4
0
7
0
2
4
1
4
6
2
0
4
0
2
0
7
1
0
0
8
0
2
2
2
1
9
7
1
1
2
2
2
2
0
0
0
3
0
1
0
3
1
0
0
7
2
2
0
2
0
2
0
2
0
2
3
2
1
0
13
23
5
0
2
0
7
3
6
5
2
0
1
1
4
16
17
6
0
1
4
3
2
2
0
0
5
10
11
5
2
9
7
4
0
2
7
8
4
5
4
5
0
2
1
4
9
10
2
2
4
5
5
7
6
2
5
5
6
2
3
1
3
4
6
3
8
12
1
4
6
0
2
3
0
4
8
9
4
3
1
3
0
4
8
8
2
4
1
0
0
0
11
8
3
4
3
2
2
3
1
1
2
1
3
0
4
0
2
1
3
0
2
2
4
3
5
1
5
5
0
0
2
3
0
2
0
3
0
5
0
4
12
18
0
0
4
17
14
7
3
4
1
0
0
0
6
4
2
6
7
1
3
0
3
3
0
0
10
6
1
1
4
0
0
5
2
1
0
0
2
9
11
9
7
6
0
4
6
14
7
4
3
4
0
3
2
0
1
1
3
0
0
4
8
1
5
6
13
11
5
4
4
3
7
2
2
3
5
4
4
2
5
5
0
1
3
5
4
3
0
3
0
0
9
7
3
2
1
8
11
9
1
1
1
0
4
4
0
0
1
0
2
0
3
3
6
3
8
4
5
6
5
3
1
2
1
0
0
3
1
2
3
1
14
17
1
1
2
0
0
5
0
4
3
3
1
5
1
9
5
3
1
4
0
3
3
2
0
0
8
5
3
2
3
0
8
6
5
0
4
0
3
0
3
2
3
2
2
4
9
8
1
1
3
0
0
2
3
2
1
0
0
4
1
4
3
3
4
7
6
17
1
3
0
2
1
1
0
1
3
1
3
6
4
1
4
0
4
0
5
0
3
2
0
0
7
8
5
3
0
0
2
5
4
3
1
0
2
5
3
8
3
6
3
4
1
4
0
7
2
5
0
0
3
3
2
0
1
1
3
4
8
2
3
2
15
15
1
1
5
0
2
0
1
2
0
3
1
3
4
7
1
3
0
2
