0
0
12
25
15
2
3
5
1
0
0
1
1
1
6
14
0
2
0
5
0
1
0
10
0
0
0
1
1
0
0
2
0
7
4
3
0
3
0
0
3
0
0
0
1
0
0
0
0
0
4
2
2
0
0
6
0
8
17
7
1
14
6
0
0
0
0
6
1
7
3
2
1
7
3
11
19
28
58
300
497
240
45
9
27
23
16
11
6
7
0
0
0
0
0
0
0
11
11
1
0
1
3
3
0
0
18
6
2
0
0
0
0
3
0
1
2
6
0
5
4
8
0
0
2
7
8
5
0
0
1
2
0
4
1
2
8
1
2
0
0
8
9
12
4
0
9
13
0
0
0
0
3
5
0
0
0
0
0
6
13
15
0
1
0
0
0
1
0
2
0
0
6
3
0
0
0
0
0
9
13
8
0
1
0
0
0
0
4
17
9
5
13
16
6
5
5
1
0
0
8
7
3
1
0
0
1
0
0
1
2
6
8
21
5
1
0
0
0
0
0
8
4
1
0
0
0
0
0
3
1
7
4
0
0
1
0
0
6
2
0
0
1
0
1
3
5
1
1
5
12
0
0
0
0
0
0
0
0
1
2
18
8
2
0
9
6
4
0
0
0
0
2
0
0
0
0
4
16
16
0
2
1
0
2
7
0
0
4
4
0
2
13
6
0
0
2
0
2
3
4
12
0
1
8
3
0
4
1
6
5
5
0
0
0
1
0
3
0
0
0
1
1
0
0
1
0
3
0
8
4
0
0
0
0
2
2
4
0
3
0
0
0
0
9
12
3
7
4
0
4
7
1
0
0
4
0
3
0
4
0
3
1
4
1
12
12
10
0
0
0
0
0
2
0
2
0
0
0
0
0
2
8
6
2
0
0
0
0
2
3
2
0
2
6
1
0
1
6
10
5
1
0
1
0
4
1
8
4
14
16
20
0
1
4
12
10
6
0
0
0
0
1
0
0
0
0
5
9
5
4
1
0
1
0
0
5
5
1
0
3
2
4
0
2
0
2
1
3
6
8
4
0
3
0
3
0
2
5
9
2
3
0
6
11
4
0
0
0
2
1
0
1
0
1
1
11
17
0
0
6
6
0
0
0
0
0
0
3
3
5
0
1
0
3
2
3
0
1
1
0
0
14
12
14
12
7
5
0
3
1
3
0
0
0
0
0
2
3
8
2
1
0
0
1
3
2
3
7
9
11
1
3
9
18
3
0
0
4
0
4
1
10
10
0
0
0
1
5
3
0
2
0
1
2
0
1
7
0
2
0
2
0
1
0
3
0
0
4
1
2
1
2
1
7
7
1
0
3
0
3
2
3
0
0
2
1
0
3
0
2
0
1
4
2
0
0
0
0
3
1
1
0
1
0
2
0
2
12
24
4
1
0
2
4
4
2
6
0
0
0
0
3
17
17
6
1
0
6
4
2
1
0
0
7
11
11
1
0
4
6
2
0
0
5
6
2
3
3
4
0
0
2
6
10
10
0
3
0
4
3
4
2
2
0
3
0
0
0
0
2
2
2
0
10
15
0
3
6
1
1
1
0
3
7
6
4
1
0
0
0
1
6
3
0
1
0
1
0
0
9
9
2
6
1
5
0
3
0
3
0
1
0
2
0
0
0
0
0
0
0
3
1
3
1
1
3
4
0
0
1
1
3
0
0
0
0
2
1
0
8
13
0
0
1
17
11
5
3
7
0
2
0
4
0
7
0
11
3
2
0
1
0
3
0
0
4
3
0
1
2
0
0
4
0
0
1
1
0
4
11
8
5
5
1
3
4
11
8
0
1
1
0
0
1
0
0
0
0
3
0
6
6
4
3
9
9
14
0
6
2
2
1
0
0
2
3
3
0
0
1
3
0
0
2
2
2
0
2
0
0
0
10
3
2
0
0
0
8
5
0
0
1
0
1
3
0
0
0
0
0
0
0
4
2
6
2
5
0
6
0
3
0
2
1
1
0
1
0
1
1
1
10
18
3
0
5
0
2
1
0
0
3
0
3
2
0
3
0
0
0
0
0
1
0
0
0
0
4
3
0
4
1
3
0
7
0
2
0
2
0
1
1
2
2
1
0
1
6
7
1
0
1
0
0
0
3
2
2
0
1
0
1
1
2
3
2
3
9
14
0
0
0
1
0
1
0
0
0
2
1
6
2
4
0
3
0
3
0
3
0
2
0
0
5
7
2
0
0
1
2
3
2
2
0
0
2
2
4
6
5
2
2
1
2
0
3
2
4
1
0
0
1
3
0
0
2
3
1
4
3
5
0
2
9
17
0
3
0
4
0
3
0
4
0
5
0
2
2
6
3
2
1
0
