0
0
14
26
13
1
1
5
0
0
0
0
0
0
6
11
0
1
0
3
0
0
0
7
1
0
0
2
0
0
0
5
0
6
3
1
0
2
0
0
5
0
0
0
1
0
0
0
1
0
6
4
0
0
0
6
0
8
11
2
0
11
1
0
0
1
0
4
0
4
3
4
0
5
2
5
8
17
12
25
93
342
471
201
63
26
20
10
9
6
2
0
0
0
2
0
0
9
11
0
0
0
0
4
0
0
14
3
2
0
0
0
0
1
0
2
2
3
0
2
1
7
0
0
1
9
8
4
0
0
1
0
0
1
3
2
7
0
5
0
0
5
12
13
6
0
10
13
0
0
1
0
1
4
0
0
0
0
0
3
11
13
0
0
0
0
0
2
0
2
0
0
8
4
0
0
0
0
1
11
13
6
0
0
0
0
0
0
4
13
12
5
14
14
7
5
9
1
0
0
9
6
2
0
0
0
1
1
0
0
3
5
7
21
8
0
0
0
0
0
0
12
4
1
0
0
0
0
0
3
1
4
4
0
0
0
0
0
4
0
0
0
3
0
0
1
5
1
0
4
9
0
0
0
0
0
0
0
0
0
3
17
5
1
0
9
7
4
0
2
0
3
2
2
0
1
0
5
20
17
0
0
0
0
2
7
1
0
5
2
2
2
12
4
0
0
1
0
2
3
3
13
0
0
6
0
0
0
2
5
7
1
0
0
0
1
0
4
1
2
1
2
1
3
0
4
0
5
0
8
6
0
1
0
3
2
2
3
4
0
0
0
0
0
9
13
2
6
0
0
2
4
0
0
0
2
0
0
0
0
1
4
2
1
0
10
15
10
0
0
3
3
0
2
0
2
0
1
0
0
0
4
8
5
2
0
0
0
3
1
3
1
0
0
4
0
0
0
4
9
2
0
0
0
0
1
3
2
4
14
17
16
0
1
1
12
9
7
0
3
0
0
0
0
0
2
0
8
10
7
2
0
0
0
0
0
9
4
0
0
2
0
3
0
0
2
0
1
0
6
7
3
0
1
0
0
0
1
4
5
3
0
0
6
9
3
0
0
0
5
0
2
0
1
0
3
10
16
0
0
6
0
0
0
0
0
0
0
4
4
3
0
0
0
0
3
0
0
0
0
0
0
11
10
11
12
3
1
0
1
0
1
0
0
0
0
0
2
3
6
2
4
2
1
2
2
2
4
8
7
6
0
1
8
15
3
1
0
3
0
4
0
8
9
1
0
0
0
0
0
0
2
0
0
0
0
0
4
0
0
0
0
0
0
1
3
0
0
3
4
0
4
0
2
6
9
0
0
0
0
0
1
1
0
0
0
1
0
0
0
0
0
1
3
2
0
0
0
0
0
0
0
0
0
0
0
0
0
12
20
0
0
0
1
0
3
0
7
0
0
0
2
0
15
14
5
0
0
4
1
2
0
0
0
5
9
10
0
1
7
6
0
1
0
4
4
2
2
3
0
0
0
0
3
5
10
0
2
0
2
0
5
1
3
1
6
0
1
0
0
0
2
0
0
4
12
0
1
4
0
0
0
0
3
10
5
4
0
0
0
0
0
6
2
0
0
0
0
0
0
8
6
2
1
0
2
0
3
0
0
0
2
0
1
0
0
0
0
0
0
0
0
0
0
2
1
1
1
1
0
2
0
0
0
2
0
0
0
1
0
6
11
0
0
2
13
8
1
1
3
0
0
0
1
1
5
0
7
2
0
0
0
0
2
0
0
6
3
0
0
0
0
1
2
0
0
0
0
0
3
10
4
7
2
0
0
8
11
8
0
3
0
0
0
0
0
0
0
0
0
0
4
5
1
0
5
7
13
0
4
0
2
3
0
0
0
1
0
0
0
4
3
0
0
0
0
0
0
1
0
0
0
9
2
3
0
2
0
12
2
0
0
0
0
0
2
0
0
0
0
0
0
0
1
0
5
4
3
0
3
0
3
0
0
0
0
0
0
0
0
0
0
10
16
1
0
3
0
1
0
0
0
3
0
3
0
2
1
5
0
0
0
0
0
0
0
0
0
4
4
0
2
0
0
2
2
0
0
0
0
0
0
0
0
0
0
0
0
6
9
0
0
2
0
1
0
3
0
2
0
1
0
3
0
4
0
3
2
7
13
0
0
0
0
0
1
0
1
0
1
1
5
3
1
0
0
1
0
0
0
0
0
0
0
7
5
1
0
2
0
1
1
4
0
2
0
2
1
4
3
3
0
0
0
1
0
1
3
1
0
0
0
1
0
0
0
0
3
1
5
3
4
1
2
9
14
0
0
0
0
0
0
0
0
1
1
0
0
5
3
6
0
1
0
