0
0
10
24
11
0
2
4
0
0
0
0
0
0
1
12
0
1
0
3
1
0
0
6
0
0
0
3
3
0
0
1
1
7
7
2
0
1
0
0
7
0
0
0
2
0
0
0
0
0
4
3
0
0
0
4
0
8
14
4
1
11
2
0
0
0
0
5
1
3
1
1
0
6
5
6
5
8
3
11
23
37
79
357
473
188
50
15
16
8
3
0
0
0
0
0
0
10
10
0
0
0
1
0
0
0
13
5
0
0
0
0
0
0
0
1
2
3
0
1
2
9
0
0
4
8
7
1
0
0
4
0
1
2
4
1
8
0
6
0
1
6
12
12
4
0
10
13
0
0
0
0
1
4
0
0
0
0
0
4
11
13
0
1
0
0
0
0
0
3
0
0
10
2
2
0
0
0
4
9
15
4
3
0
0
0
0
0
4
15
12
3
14
13
4
3
4
0
0
0
3
5
2
1
0
0
0
0
0
3
4
5
6
20
7
0
0
0
0
0
0
9
4
0
0
0
1
0
2
2
2
3
6
0
0
0
0
0
4
0
1
0
2
0
0
0
4
1
0
6
10
0
0
0
0
0
0
1
0
0
1
18
8
2
0
7
9
1
0
0
0
3
4
1
0
0
2
2
19
16
0
0
2
0
4
8
4
0
4
4
0
1
12
3
0
0
0
0
0
1
2
10
0
0
7
1
1
3
2
7
6
3
2
2
0
2
0
3
0
0
1
0
3
0
3
0
4
0
2
7
7
0
3
0
3
2
1
3
3
2
0
0
0
0
6
12
1
8
2
0
1
4
0
0
0
3
0
1
0
0
0
3
4
3
1
12
14
9
0
0
3
1
1
1
0
0
0
0
3
0
0
2
9
3
3
0
0
0
0
1
1
0
0
0
4
0
0
0
0
8
1
2
0
0
0
1
3
4
4
16
17
18
0
2
1
13
11
7
2
2
0
0
1
0
0
0
0
3
14
7
5
0
0
0
0
0
4
2
0
0
0
0
2
0
0
0
0
0
0
4
6
5
0
4
0
0
0
3
4
8
1
3
0
4
9
5
0
0
0
2
4
0
3
0
3
0
12
16
0
0
6
3
0
0
0
0
0
0
2
3
0
0
0
0
0
0
0
0
0
0
0
0
13
10
11
10
4
4
0
0
0
1
0
0
0
0
0
0
3
2
4
0
4
0
5
1
3
1
7
9
12
0
0
7
12
3
0
0
3
0
4
0
2
10
1
0
0
2
2
0
0
2
0
2
0
2
2
7
0
0
0
1
0
0
2
0
0
0
6
3
3
2
4
1
8
5
0
0
0
0
0
0
0
0
0
0
0
0
0
0
0
0
0
3
0
0
0
0
0
0
0
0
0
2
0
3
0
0
10
23
2
0
0
1
5
0
2
2
5
0
0
0
5
13
17
4
0
0
1
2
0
0
0
0
4
10
6
0
2
4
4
1
0
1
1
5
0
0
1
2
0
0
1
3
7
10
0
2
0
2
3
3
2
1
1
4
2
0
0
0
1
0
2
0
10
12
0
0
1
0
0
0
0
3
7
4
0
0
0
0
0
0
4
2
0
0
0
0
0
0
6
6
0
3
0
1
2
4
0
0
0
0
0
1
0
0
0
0
0
0
0
0
3
1
2
0
0
0
0
0
0
0
0
0
0
0
0
1
0
0
7
10
0
0
1
15
12
3
3
3
0
0
0
1
4
6
0
8
5
0
0
0
0
0
0
0
8
2
1
0
2
0
1
0
0
0
0
0
0
4
5
5
2
1
0
0
4
9
5
0
0
0
0
1
0
0
0
0
0
0
0
4
7
3
1
4
7
12
2
3
3
1
4
0
0
0
5
0
1
0
3
1
0
0
1
2
0
0
0
0
0
0
7
3
1
0
1
1
5
2
0
0
0
0
0
2
0
0
0
0
0
1
0
2
1
2
5
3
2
2
2
1
1
0
5
0
2
1
1
0
0
0
13
13
1
0
0
0
0
0
0
2
2
0
1
0
0
2
1
0
0
0
0
1
0
1
0
0
6
4
0
2
1
0
1
2
2
0
0
0
1
0
1
0
3
0
1
0
7
7
2
0
0
0
0
0
0
0
0
0
0
0
0
0
1
0
1
1
6
16
0
1
0
0
0
1
0
0
0
1
1
3
1
0
0
0
1
0
2
0
1
0
0
0
7
1
4
0
3
0
0
3
1
0
0
0
1
2
4
7
3
0
0
0
0
0
2
3
1
1
0
0
2
1
1
0
2
1
0
1
5
0
1
0
8
12
0
0
0
1
0
0
0
0
0
0
1
1
4
4
3
1
1
0
