0
0
7
24
11
0
0
2
0
0
0
0
0
0
5
9
0
0
1
0
1
0
2
4
5
0
0
0
5
6
20
42
113
391
1053
904
278
65
0
0
7
2
0
2
1
0
0
1
0
0
4
4
0
0
0
3
0
5
16
2
6
10
6
0
0
0
0
0
2
0
5
0
0
0
1
0
7
5
1
0
8
9
0
0
2
15
14
6
6
5
0
0
0
0
0
0
0
10
6
0
0
0
0
0
0
0
14
2
0
0
0
0
0
0
0
0
2
0
1
0
3
3
0
0
1
5
5
2
0
0
0
0
0
0
0
0
4
0
2
0
0
6
9
11
3
0
6
13
0
0
0
0
0
1
0
0
0
0
0
2
13
10
0
0
0
0
0
0
0
0
0
0
8
2
0
0
0
0
2
9
10
5
0
0
0
0
0
0
0
14
6
2
8
13
2
4
2
0
0
0
3
4
0
0
0
0
0
0
0
0
1
0
10
14
7
0
0
0
0
0
0
6
2
0
0
0
0
0
0
1
1
4
1
0
0
2
0
0
1
3
0
0
0
0
0
0
3
0
0
3
8
0
0
0
0
0
0
0
0
0
4
12
9
0
0
3
9
0
0
0
0
0
1
0
0
0
0
2
17
14
0
0
0
0
2
6
0
0
4
3
0
4
12
4
0
0
0
0
0
0
3
10
0
0
8
0
4
0
5
1
5
0
1
0
0
0
0
0
0
0
0
0
0
0
0
0
0
1
0
7
0
0
0
0
0
2
0
4
0
2
0
0
0
0
5
11
0
4
1
0
2
4
1
0
0
0
1
0
0
0
0
1
2
0
1
8
13
4
0
0
1
0
0
0
0
0
0
0
0
0
0
1
4
3
0
0
0
0
0
2
0
1
0
1
3
0
0
0
4
5
4
0
0
0
0
0
2
0
4
9
14
13
0
0
0
10
11
4
0
0
0
0
0
0
0
0
0
3
9
8
2
0
0
0
0
0
5
3
0
0
0
0
0
0
0
0
0
0
2
2
7
2
0
0
0
0
0
0
2
3
1
0
0
0
9
0
0
0
0
1
0
0
0
0
0
1
9
18
0
1
3
4
0
0
0
1
0
0
0
2
0
0
0
0
0
1
2
0
0
0
0
0
16
9
10
7
4
0
0
0
0
0
0
0
0
0
0
0
0
3
1
0
0
0
1
1
0
4
6
10
5
2
0
11
14
3
0
0
0
0
1
0
5
9
0
0
1
0
5
0
0
2
0
0
2
0
3
4
2
0
0
0
0
0
1
0
0
0
4
1
0
1
0
0
3
8
0
1
0
1
0
2
0
0
0
0
0
0
0
0
0
0
0
2
0
0
0
0
0
0
2
0
0
0
0
0
1
0
13
21
0
0
0
0
1
1
1
4
0
0
0
0
1
17
14
6
0
0
3
5
0
0
0
0
3
9
7
0
0
3
5
0
0
0
5
3
4
0
2
0
0
0
5
0
10
6
1
0
2
0
4
0
0
0
0
1
0
0
0
0
0
1
0
1
4
13
0
4
1
0
0
0
0
5
6
4
1
0
0
0
0
0
6
0
0
0
0
0
0
0
8
3
3
0
1
0
2
0
0
0
0
0
0
0
0
0
0
0
0
0
0
1
0
1
0
0
0
1
0
0
0
2
0
0
0
0
0
0
0
0
5
10
0
0
2
12
12
0
3
1
0
0
0
0
4
1
0
2
5
0
0
0
0
0
0
0
4
2
0
0
0
0
0
3
0
0
0
0
0
5
7
5
2
1
0
0
5
7
6
0
1
0
0
0
0
0
0
0
0
0
0
0
7
0
2
0
9
8
0
0
0
0
0
0
0
0
0
1
0
0
3
4
0
0
0
3
0
0
0
0
0
0
4
2
0
0
0
2
7
0
0
0
0
0
0
0
0
0
0
0
0
0
0
0
2
0
3
1
0
0
0
1
0
0
0
0
0
0
0
0
0
0
6
16
0
0
0
1
0
1
0
1
0
0
0
0
0
0
1
0
0
0
0
0
0
0
0
0
2
1
0
0
0
0
1
0
0
0
0
0
0
0
0
1
0
0
0
0
4
7
0
0
0
0
0
1
0
1
0
0
0
0
0
0
0
0
1
0
8
13
0
0
0
0
0
0
0
0
0
0
0
0
0
0
0
0
0
0
0
0
0
0
0
0
2
5
0
0
0
0
0
3
1
1
0
0
0
1
0
4
0
0
0
0
0
0
0
1
2
0
0
0
2
0
0
0
4
0
0
0
1
0
0
0
5
10
0
0
0
0
0
0
0
0
0
0
0
0
0
4
0
0
0
0
