1
0
14
23
12
1
0
5
0
0
0
3
0
0
6
15
0
1
0
3
0
0
0
5
0
0
0
0
3
0
0
1
0
5
4
3
0
2
0
0
4
0
0
0
2
0
0
0
1
0
4
3
0
0
0
6
0
12
11
5
3
13
0
0
0
1
0
2
0
2
4
1
0
0
3
3
6
4
3
0
9
18
10
26
103
415
441
151
35
12
4
0
1
0
1
0
0
12
10
0
0
0
2
3
0
0
14
7
0
1
0
0
0
2
0
2
2
4
0
2
3
4
0
0
1
7
8
1
0
0
4
0
0
1
3
0
11
0
8
0
3
6
13
12
4
0
7
11
0
0
0
0
0
4
0
0
0
0
0
5
12
11
0
0
0
0
0
0
0
0
0
0
7
0
0
0
0
0
1
6
14
7
2
0
2
0
0
0
5
16
8
4
12
12
5
5
3
3
0
2
6
9
1
3
0
1
0
1
0
0
1
5
8
16
6
0
0
0
0
0
0
8
3
0
0
0
1
0
1
3
4
4
6
0
0
0
0
0
7
0
0
0
1
0
0
2
6
2
0
8
6
0
0
0
0
0
0
0
0
2
4
15
7
0
0
4
8
2
0
0
0
0
2
0
0
0
1
2
20
15
0
0
4
0
6
5
5
0
3
4
0
4
15
6
0
0
0
0
1
4
3
13
0
2
8
4
0
2
2
6
4
0
0
0
0
0
0
1
0
0
0
0
1
0
1
1
2
3
1
4
5
0
1
0
3
2
4
3
2
1
0
1
0
1
7
14
0
9
0
2
3
8
0
1
0
1
1
2
0
0
0
3
2
1
0
11
15
7
0
0
1
0
0
0
0
0
0
0
1
0
0
3
10
6
1
0
0
0
3
3
2
3
0
4
3
1
0
2
4
10
3
2
0
0
0
4
0
3
4
12
19
15
0
1
3
12
10
3
2
0
0
0
0
0
0
0
0
4
12
4
4
0
0
0
0
0
8
4
0
1
1
1
2
0
0
4
0
2
0
6
7
5
0
1
0
0
0
0
1
6
1
0
0
3
12
2
0
0
0
2
1
0
0
0
2
0
10
17
0
0
6
3
0
0
0
2
0
3
3
8
3
1
0
1
0
4
1
0
0
0
0
0
12
9
11
7
3
3
0
0
0
0
0
0
0
0
0
0
1
3
3
0
1
0
1
1
2
1
7
10
8
1
4
10
18
4
0
1
1
0
3
2
8
13
0
1
0
1
0
0
0
3
0
0
0
0
0
3
0
0
0
0
0
0
1
0
0
0
5
0
1
2
2
0
7
5
1
0
1
1
4
4
3
1
0
1
0
0
0
1
0
0
0
3
0
0
0
0
0
0
0
0
0
0
0
0
0
0
11
21
1
0
0
1
4
1
3
3
2
0
0
0
4
14
17
6
3
0
5
5
3
0
0
0
5
12
8
2
0
6
5
0
1
0
6
3
3
1
0
0
0
0
1
2
7
5
0
0
1
1
2
4
3
0
1
2
0
0
0
0
3
2
3
1
9
13
0
5
7
3
1
3
0
3
8
8
4
0
0
0
0
0
6
0
0
0
0
0
0
0
7
4
3
0
0
0
2
2
0
0
0
0
0
0
0
0
0
0
0
0
0
0
1
1
3
1
2
1
2
0
3
0
1
0
1
0
1
0
3
0
8
9
0
0
3
13
10
1
4
2
0
0
0
0
2
2
0
5
5
0
0
0
0
0
0
0
5
5
0
0
1
0
3
4
1
0
0
0
2
4
11
4
9
2
0
0
5
10
5
0
0
0
0
0
1
0
0
0
0
0
0
1
6
1
1
3
9
9
1
2
1
0
3
0
0
1
4
3
0
0
5
5
0
1
3
3
3
0
4
0
0
0
11
2
2
0
1
2
7
3
0
0
0
0
1
0
0
0
0
0
0
0
1
0
0
2
4
1
1
1
0
1
0
0
0
0
0
0
1
2
2
1
12
17
0
0
4
1
1
3
0
2
3
0
2
1
0
1
2
0
0
0
0
0
0
0
0
0
4
1
0
0
0
0
4
1
0
0
0
0
0
0
1
0
0
0
0
2
9
8
1
0
3
0
0
1
1
0
3
0
0
0
2
1
2
0
2
0
4
13
0
0
0
0
0
0
0
0
0
0
3
0
3
0
0
0
0
0
0
0
0
0
0
0
5
6
4
0
1
0
1
4
5
2
1
1
2
2
5
4
3
0
0
0
0
0
1
0
2
0
0
0
0
0
0
0
0
0
2
1
2
1
1
0
8
13
0
0
0
0
0
0
0
1
0
2
1
2
3
8
5
3
2
0
