0
1
12
24
13
4
1
7
0
2
0
2
0
2
7
14
0
0
3
3
1
0
1
5
2
0
1
0
7
0
2
2
5
5
7
2
0
1
0
0
5
0
0
0
0
0
0
0
1
0
4
3
2
0
0
5
0
9
15
6
1
14
5
1
0
0
0
2
2
2
5
0
3
1
7
1
11
6
6
3
9
11
4
9
19
47
131
433
409
125
21
5
1
0
1
0
0
11
9
1
0
1
2
6
0
0
15
8
0
0
0
0
0
2
3
0
5
1
2
1
4
5
2
0
5
7
12
4
0
0
4
0
0
0
1
2
6
0
5
0
1
7
11
13
6
0
7
12
0
0
0
0
0
5
0
0
0
0
0
8
13
14
0
0
0
0
0
0
0
0
0
0
11
1
2
0
0
0
2
8
15
7
1
0
0
0
0
0
4
14
8
6
14
12
4
5
6
1
1
2
5
8
5
3
0
1
2
2
1
1
6
6
9
17
10
0
3
0
1
0
0
9
8
0
1
1
2
0
1
1
3
4
5
0
0
0
0
0
6
0
0
0
3
0
0
3
5
0
2
8
9
0
0
0
0
0
0
0
0
0
8
15
11
0
1
6
16
1
5
0
4
0
5
0
0
0
2
3
21
15
0
1
2
1
4
7
2
0
4
2
0
3
13
5
0
0
1
0
1
3
6
13
0
1
7
1
2
2
6
5
10
2
3
0
2
0
2
1
4
0
4
1
6
0
3
0
4
1
2
7
6
0
0
0
3
1
2
3
4
1
0
0
0
0
8
13
2
7
2
0
4
7
0
2
0
3
2
2
1
1
2
2
5
1
6
10
18
7
0
0
9
1
2
0
3
0
1
0
1
0
0
2
8
4
2
0
0
0
0
2
3
2
0
0
5
0
0
0
5
11
4
2
1
1
2
3
3
4
6
15
19
18
3
0
6
13
15
6
2
0
1
0
3
0
0
0
0
4
10
6
5
2
0
0
0
0
7
4
1
0
2
1
0
0
1
2
2
3
0
9
7
7
1
4
0
1
3
3
6
8
6
1
2
3
15
4
0
0
4
1
3
0
3
0
3
0
13
18
0
1
6
5
0
0
0
1
0
0
3
3
1
0
0
0
0
4
1
2
1
1
0
0
14
14
13
13
8
2
0
1
4
0
1
0
4
0
3
0
7
8
6
2
2
0
4
2
1
3
9
11
9
0
1
11
16
3
1
0
2
0
5
1
10
12
2
0
2
3
3
4
0
5
0
2
2
3
4
6
4
1
1
0
1
0
6
1
0
0
7
2
1
1
1
1
5
6
2
0
0
0
3
3
2
0
0
0
1
0
0
0
0
0
2
7
4
1
0
0
0
3
1
2
0
2
0
2
2
1
14
22
5
0
2
0
6
3
5
4
1
0
0
0
3
17
15
4
2
0
2
3
2
0
0
0
6
10
8
2
0
7
8
3
1
3
4
7
4
3
1
3
0
1
3
2
11
8
5
1
3
2
6
3
4
1
4
2
2
0
0
0
2
0
2
1
8
11
0
1
4
1
0
0
0
4
9
6
3
0
0
0
0
3
6
5
0
1
0
0
0
0
10
7
3
0
2
0
5
1
4
0
1
0
3
0
1
0
2
0
1
0
0
0
0
1
1
0
0
4
0
0
1
0
0
0
0
0
0
2
2
3
8
15
0
0
3
19
13
4
2
4
1
0
0
0
6
2
5
7
8
0
1
0
3
2
0
0
9
2
1
0
1
0
2
3
0
0
0
0
0
5
10
8
4
4
0
2
5
13
5
1
1
2
1
2
2
0
0
0
2
0
1
0
8
1
5
3
10
11
5
2
6
1
5
0
3
1
5
2
4
1
5
3
2
0
3
1
2
0
2
0
0
0
8
6
4
1
1
5
8
5
1
0
2
1
2
4
1
0
0
0
0
0
0
0
4
4
7
3
6
1
5
1
3
0
2
0
3
0
3
0
2
1
12
14
4
0
3
0
1
2
0
1
3
0
2
5
3
6
3
2
2
0
0
1
1
0
0
0
7
0
2
0
3
0
6
1
4
0
3
0
3
0
5
1
4
0
2
0
8
7
2
0
1
1
1
0
3
2
1
1
0
1
2
0
3
3
3
3
9
15
1
0
2
0
0
0
0
0
1
0
4
1
7
1
4
0
3
0
4
0
1
0
0
0
8
7
3
0
0
0
3
4
5
1
2
1
2
4
4
7
3
3
5
3
0
1
4
3
3
0
0
0
6
0
1
0
3
1
3
3
8
1
4
0
11
14
1
0
4
0
3
0
0
0
0
4
2
2
3
6
5
1
1
1
