3
1
17
29
15
4
4
7
1
2
0
2
0
1
8
16
2
3
2
7
1
4
1
11
2
2
0
4
4
0
2
8
4
9
8
4
0
6
0
0
7
0
1
0
5
1
4
0
4
2
11
7
4
0
1
8
2
11
15
4
6
14
5
0
0
3
0
4
3
6
4
5
1
9
4
7
11
11
4
5
12
12
0
1
24
23
20
20
23
44
178
468
341
82
16
7
6
13
14
1
4
0
4
4
0
0
14
6
2
0
0
0
0
2
2
1
5
5
2
6
4
10
0
2
3
9
9
4
0
1
3
3
1
3
6
2
9
0
8
0
3
7
15
11
7
1
10
14
1
1
0
0
3
5
0
0
0
0
0
3
15
15
0
1
0
3
0
3
0
5
0
0
10
4
4
4
0
0
2
11
14
6
1
0
1
0
0
0
7
19
30
6
17
14
8
7
8
3
0
2
8
8
5
0
0
0
1
1
0
1
3
5
9
20
7
1
1
1
0
2
0
14
6
4
0
3
0
2
0
5
4
8
6
0
3
2
0
0
7
0
5
0
6
1
3
2
10
2
1
7
11
0
0
1
0
0
0
0
0
0
4
18
10
3
0
8
11
5
1
3
0
2
2
3
0
1
3
8
21
20
0
3
2
0
6
8
2
3
7
3
3
5
15
6
2
0
1
0
4
3
4
12
0
3
10
2
1
3
2
4
9
4
0
2
1
4
0
3
2
3
3
5
2
2
1
3
3
8
1
9
8
0
3
2
5
3
5
5
4
1
0
0
3
0
9
14
3
7
3
0
5
6
0
0
0
1
1
1
0
4
1
4
5
5
4
12
16
13
0
0
5
2
0
3
0
0
1
1
2
0
1
3
11
6
6
0
3
0
3
3
3
2
0
1
7
0
0
1
6
8
3
0
0
0
1
4
1
5
6
15
19
19
2
2
4
16
15
9
2
5
0
2
3
4
0
3
0
10
13
9
7
3
2
1
0
0
9
8
5
3
2
2
4
2
1
4
2
2
2
6
8
4
0
7
2
2
0
1
5
8
2
2
0
8
11
7
0
2
0
8
5
4
0
3
1
5
14
20
0
2
8
8
3
0
1
1
2
1
5
6
5
1
2
0
4
4
4
0
3
2
0
0
14
13
13
11
8
4
0
3
1
2
0
3
0
1
4
6
3
8
3
4
2
0
4
4
3
5
9
11
12
0
5
11
19
4
3
0
5
0
5
2
14
14
3
1
2
1
4
0
0
5
0
2
2
3
2
9
1
2
3
1
0
3
3
6
0
0
8
4
3
4
4
1
6
8
4
1
5
3
5
5
4
0
1
2
4
2
3
0
2
1
4
7
3
0
1
0
1
3
2
1
1
4
4
6
2
1
14
28
2
3
1
4
5
4
4
5
1
1
0
1
4
17
17
8
3
1
7
4
5
1
0
0
9
12
11
3
2
8
6
1
0
1
8
7
4
6
5
4
0
3
4
5
11
12
3
2
1
4
5
6
2
4
4
7
2
1
0
0
3
4
3
2
9
15
2
4
6
2
2
2
2
6
12
7
5
2
4
0
0
4
8
7
1
2
0
3
0
0
8
9
5
7
0
5
5
2
0
3
0
2
0
1
0
0
0
1
0
0
1
0
2
1
5
2
4
2
3
1
5
0
4
0
3
0
0
3
3
2
11
16
0
1
3
20
12
7
4
7
1
0
1
2
5
5
2
10
7
0
2
0
0
3
0
0
8
4
0
1
4
1
4
4
3
1
3
0
5
7
13
7
9
5
1
4
7
14
8
4
2
2
1
5
2
1
0
2
1
1
0
4
7
2
4
5
11
13
4
6
3
2
2
1
0
1
5
2
4
0
8
4
3
0
6
2
6
0
3
0
0
0
8
5
1
0
3
5
8
5
1
4
0
2
2
5
0
0
0
1
0
0
0
3
1
4
5
3
4
3
1
2
2
0
3
0
2
1
4
1
4
2
15
17
5
2
8
2
2
2
0
3
5
2
2
6
0
5
5
4
1
1
1
2
2
2
0
0
6
4
0
1
2
0
3
4
1
0
1
1
0
1
1
0
4
0
1
0
10
9
4
1
5
0
1
1
5
0
1
3
0
0
3
4
2
5
3
7
8
18
3
3
1
2
0
4
0
3
1
1
2
4
5
0
0
1
2
0
1
0
1
0
0
0
10
7
5
0
5
0
4
4
8
2
4
0
2
2
4
4
5
4
3
3
1
4
2
5
3
4
0
0
2
5
1
3
5
6
3
6
5
3
0
1
11
16
0
0
1
2
1
1
0
2
1
4
4
3
8
5
8
4
4
0
