0
0
30
30
16
3
4
6
2
1
2
3
3
0
10
15
3
2
4
5
4
0
3
8
0
0
0
3
6
1
3
7
2
10
8
10
0
7
0
0
8
5
0
5
0
1
0
2
3
3
8
7
4
0
0
5
6
12
19
7
8
13
7
0
2
0
0
4
3
2
7
1
1
6
5
5
8
9
4
5
13
16
0
4
24
23
18
14
26
21
16
39
179
492
322
77
13
19
14
4
2
3
2
4
0
0
18
7
4
0
0
0
2
3
2
0
6
4
4
1
5
7
0
0
6
6
10
4
0
2
4
5
0
5
4
4
8
4
6
5
0
11
11
16
6
3
13
14
2
1
0
0
4
5
0
0
0
1
0
4
15
13
3
0
0
0
2
0
0
0
0
0
9
3
1
0
0
3
1
15
15
9
0
5
0
2
0
0
4
20
12
9
13
17
6
8
6
2
0
1
8
9
4
4
0
0
3
0
0
1
6
5
12
20
10
0
4
0
1
0
0
11
4
0
0
1
0
1
0
4
3
8
5
3
0
5
0
0
6
6
0
0
4
3
0
3
6
1
0
7
12
1
0
0
0
0
0
0
3
1
8
17
13
0
3
7
16
4
4
0
2
1
3
3
0
2
3
5
19
20
0
6
3
4
4
8
3
4
3
6
2
5
13
7
0
0
0
0
2
3
7
13
0
0
12
2
2
3
6
6
11
4
4
0
3
0
3
3
4
0
0
3
1
0
2
3
2
6
3
10
6
5
0
3
3
4
4
8
1
3
0
0
0
0
9
15
3
8
3
0
4
6
2
0
0
2
5
1
3
1
4
3
7
2
4
10
18
7
0
0
4
4
3
6
1
3
0
2
1
2
0
7
8
9
2
1
0
2
1
4
2
3
0
2
5
0
0
1
3
7
5
1
4
1
4
4
5
4
26
14
22
16
2
1
6
12
15
9
2
4
0
1
2
2
0
3
0
9
12
8
4
3
0
0
0
0
7
3
2
1
0
1
0
1
2
0
3
3
2
8
11
9
3
4
4
0
2
1
8
8
7
2
0
4
14
7
0
2
3
5
4
2
3
3
2
5
12
21
0
1
7
9
0
1
0
2
1
1
1
7
5
2
0
0
4
4
6
0
5
3
0
0
19
11
15
12
13
6
2
4
5
1
1
3
1
2
2
6
3
8
3
5
1
4
3
9
2
5
9
14
8
3
3
11
16
4
0
1
1
1
3
2
10
15
4
0
5
2
7
0
3
7
3
0
5
1
5
6
0
0
3
1
0
2
4
3
0
0
5
5
2
8
3
4
6
12
4
4
3
5
4
5
3
0
1
3
2
2
3
0
0
0
3
6
5
0
2
1
3
1
4
0
3
1
3
2
2
0
14
24
2
2
2
4
3
6
3
9
0
4
2
4
5
20
18
10
0
3
6
5
1
2
0
0
9
14
8
3
1
4
12
5
2
3
9
7
7
3
6
3
1
1
6
3
13
9
3
4
2
4
5
5
2
3
3
8
3
4
3
4
3
7
3
4
9
14
0
3
7
0
0
1
0
4
11
8
4
0
4
1
3
4
9
5
5
0
6
2
0
0
13
9
6
3
2
2
3
4
2
1
1
1
0
4
1
1
0
4
0
1
1
3
1
4
3
1
1
1
1
1
3
1
2
0
2
0
3
3
5
1
13
12
0
0
25
18
19
5
6
4
2
0
1
2
4
7
3
11
4
3
1
3
3
5
0
0
8
7
0
1
0
0
1
5
0
0
1
0
2
6
13
7
6
5
2
3
9
11
9
2
7
0
1
1
7
1
4
2
1
1
0
3
9
4
5
8
9
13
2
6
2
6
5
4
0
4
5
6
1
2
5
5
1
1
5
5
3
2
1
0
0
0
11
4
5
1
4
4
13
5
2
1
4
0
2
3
1
0
0
0
0
0
1
2
1
5
6
7
1
7
3
4
0
3
1
4
0
4
3
3
2
4
14
18
1
2
5
2
1
3
1
4
5
1
6
3
1
4
8
3
3
1
3
0
0
2
0
0
7
4
1
1
3
1
2
5
2
3
0
1
0
2
4
7
2
2
0
4
8
8
1
1
2
0
0
1
1
0
0
2
1
0
2
2
7
1
6
2
13
15
2
0
2
0
1
2
0
1
0
1
4
4
3
3
0
3
1
3
0
3
1
3
0
0
9
10
1
2
1
2
1
5
4
1
3
0
3
3
4
8
6
3
4
0
4
1
5
6
4
1
0
0
2
1
0
2
3
0
0
3
5
4
1
4
11
17
0
1
2
4
0
4
0
4
1
6
2
4
5
7
6
1
3
1
