0
2
11
27
15
3
3
6
0
4
0
4
0
0
5
15
1
0
2
5
1
2
1
9
5
2
0
4
9
3
3
7
3
8
5
7
1
4
0
0
6
2
0
0
2
0
0
1
0
1
5
3
3
0
0
4
1
12
17
7
4
13
6
0
0
0
0
5
3
2
3
3
1
7
6
7
9
10
6
6
11
15
0
4
7
21
16
10
11
10
3
9
16
42
212
497
304
79
23
8
3
3
4
4
0
0
19
9
0
0
0
0
0
3
3
2
6
5
4
4
7
9
3
2
8
9
13
7
2
4
7
4
1
5
2
3
9
0
6
1
2
6
11
14
5
1
10
14
0
0
0
0
3
3
0
0
0
0
1
6
17
12
2
0
0
0
0
1
2
3
0
0
13
5
4
4
0
4
6
12
14
7
3
1
0
0
0
0
5
16
11
6
11
14
7
7
4
2
1
2
7
10
4
2
2
0
2
1
0
1
4
7
10
20
10
2
4
1
0
2
0
11
10
4
4
5
5
1
3
5
6
7
5
1
0
3
0
0
5
1
3
1
3
2
0
1
6
0
0
8
10
3
0
0
0
0
0
2
0
1
5
18
10
1
0
10
11
6
3
3
4
4
7
5
1
3
5
7
22
18
1
2
1
1
4
9
0
0
4
5
3
5
14
8
0
0
0
0
4
4
5
14
0
0
11
4
3
3
4
4
11
3
4
1
3
2
3
3
3
2
4
6
6
4
6
4
3
7
2
8
8
1
0
0
4
2
2
4
4
3
0
0
1
0
10
14
4
6
2
0
3
7
0
0
0
3
3
2
3
0
3
3
7
5
5
14
20
10
0
0
5
4
4
5
2
4
2
2
2
1
0
5
10
7
3
1
0
0
0
2
4
3
1
3
6
0
0
1
5
9
4
2
3
2
0
1
4
3
24
17
23
19
4
3
24
17
18
10
6
6
3
4
1
2
2
3
0
8
11
6
5
0
0
0
0
0
8
5
1
0
0
2
0
0
1
1
0
0
1
8
10
8
0
3
3
0
0
1
9
8
5
4
3
7
15
8
2
1
2
8
5
1
3
2
2
4
12
18
0
0
7
7
0
0
0
0
0
0
3
6
3
2
0
2
2
2
4
0
2
3
0
0
14
11
13
10
10
4
1
0
4
3
1
0
2
2
1
2
6
5
8
7
3
2
2
4
2
5
7
12
11
2
3
10
15
4
0
1
3
0
5
2
7
12
1
2
3
3
4
1
0
4
0
1
2
3
2
5
0
2
3
1
5
2
7
3
0
0
9
7
5
7
5
5
10
11
1
3
3
4
5
4
3
0
0
2
3
3
1
2
1
0
2
7
4
1
0
0
0
1
1
3
1
4
4
1
0
0
15
23
6
1
5
4
6
8
6
9
3
4
2
5
5
19
17
10
1
5
4
6
2
2
0
0
5
14
10
3
3
7
7
2
3
3
6
5
7
4
5
4
1
0
2
4
12
9
5
3
5
5
5
6
4
2
6
7
6
4
0
2
3
6
2
5
11
15
0
5
6
1
0
2
0
6
9
6
5
1
1
0
1
4
7
5
2
0
4
3
0
0
11
6
5
2
2
2
4
4
4
1
5
1
5
4
3
2
1
3
0
3
0
3
5
7
1
3
1
3
2
0
2
1
1
0
0
0
0
2
3
3
10
14
0
0
4
16
14
5
5
5
2
0
1
1
9
8
5
9
9
0
1
2
1
7
0
0
7
6
0
5
2
1
3
5
0
0
2
1
2
8
10
6
5
5
0
2
7
11
8
1
2
1
0
2
3
0
2
0
1
0
1
4
10
3
7
7
13
15
5
6
5
5
5
2
0
4
3
5
2
3
2
8
0
1
3
3
2
3
1
0
0
0
9
8
4
0
2
5
8
5
2
0
4
2
3
4
1
0
3
0
3
0
3
2
7
6
9
7
4
8
3
6
2
2
4
4
3
5
1
4
2
4
13
16
3
1
3
0
1
0
0
4
3
1
2
2
1
3
4
2
3
1
2
2
2
0
0
0
11
4
6
2
5
1
7
5
4
4
1
4
1
4
5
6
2
4
2
3
7
8
0
1
3
2
1
1
3
1
2
2
1
0
1
1
1
4
3
5
13
15
2
0
1
0
3
1
0
2
2
1
8
5
9
3
2
2
3
4
1
2
1
4
0
0
7
9
4
2
1
2
0
7
6
3
1
0
3
5
4
8
5
4
1
1
3
1
2
4
3
1
0
0
4
1
5
0
4
3
6
6
9
5
5
5
13
17
0
4
2
4
1
4
1
4
1
4
2
4
5
8
5
2
0
0
