0
0
11
28
11
1
3
6
0
0
0
1
0
0
5
12
0
0
0
1
0
0
0
4
2
0
0
0
6
0
0
2
3
3
8
1
0
2
0
0
4
0
0
0
0
0
0
0
0
1
3
6
0
0
0
6
0
8
15
4
1
10
3
0
0
0
0
1
1
0
3
0
0
1
1
0
5
2
1
0
11
10
0
0
4
15
15
4
6
5
0
0
0
0
0
1
2
20
28
63
324
511
211
43
0
0
14
8
2
0
0
0
0
1
0
0
4
1
1
0
6
5
0
0
3
4
8
1
1
0
3
0
0
1
1
0
7
0
4
0
0
7
11
13
3
0
10
15
0
0
0
0
1
4
0
0
0
0
0
4
12
11
0
0
0
0
1
0
0
0
0
0
9
1
3
0
0
0
3
9
15
7
0
0
0
0
0
0
4
14
8
2
11
14
3
4
2
1
0
0
5
10
1
4
0
0
0
2
0
2
3
4
8
17
7
0
0
0
0
0
0
7
5
0
1
0
1
0
3
1
0
3
4
0
0
0
0
0
4
1
0
0
0
1
0
0
3
2
0
8
10
2
0
0
0
0
0
0
0
1
4
15
8
0
0
4
11
1
2
0
0
0
5
0
0
0
1
3
18
15
0
0
0
0
1
6
0
0
4
3
0
4
11
6
0
0
0
1
0
4
3
13
0
0
7
0
2
1
3
3
7
0
2
0
1
2
0
0
3
0
1
1
4
0
1
0
0
2
0
6
3
0
0
0
3
1
0
1
0
2
0
0
0
1
3
14
0
9
2
2
1
6
0
0
0
0
0
0
0
0
0
2
4
2
4
8
16
6
0
0
4
0
0
0
0
0
0
0
0
0
0
3
9
4
0
0
0
0
0
2
0
0
0
1
5
1
0
1
2
9
1
2
0
0
0
2
2
3
5
12
19
15
2
0
4
10
14
5
1
0
0
0
0
0
0
0
0
3
10
6
1
0
0
0
0
0
6
3
1
1
0
0
0
3
0
1
0
3
0
6
7
7
0
2
0
0
0
0
8
5
7
0
0
1
11
3
0
0
0
1
4
0
0
0
0
0
5
16
0
0
4
3
0
0
0
0
0
0
1
4
2
1
0
2
0
6
1
1
0
3
0
0
14
9
13
9
7
1
0
0
2
0
1
0
1
0
0
0
4
2
2
1
1
0
0
0
0
0
6
7
7
1
0
7
12
3
0
0
1
0
2
2
6
13
1
0
2
3
1
1
0
3
0
1
0
0
3
4
2
0
2
0
1
0
2
0
0
0
5
0
0
2
0
0
2
5
0
0
0
1
2
2
0
0
0
0
0
0
0
0
0
0
0
7
0
0
0
0
0
1
0
0
0
0
0
0
0
0
12
21
3
0
1
0
3
1
2
2
2
0
0
0
0
14
14
3
0
0
0
3
0
0
0
0
2
12
7
1
0
5
4
1
0
2
4
6
2
3
0
3
0
1
0
1
8
7
3
0
2
2
4
1
3
0
3
2
3
0
0
0
0
1
0
0
7
11
0
1
3
0
0
0
0
4
6
4
0
0
0
0
0
3
6
5
0
0
0
1
0
0
10
4
3
0
0
0
3
0
0
0
0
0
0
0
0
0
0
0
0
0
0
0
0
0
0
0
0
0
0
0
0
0
0
0
0
0
0
1
0
2
4
13
0
0
1
18
10
4
1
6
0
0
0
0
2
3
0
5
6
0
0
0
1
0
0
0
8
1
0
0
2
0
2
0
0
0
0
0
0
6
11
5
5
2
1
3
5
12
3
3
0
0
0
1
1
0
0
0
0
0
0
0
8
0
2
3
7
13
2
2
3
3
5
0
1
0
4
3
1
0
2
2
0
0
2
2
0
0
0
0
0
0
5
7
1
2
0
5
3
7
2
2
0
1
0
2
0
0
0
0
0
0
0
0
2
1
6
5
0
2
3
0
1
0
3
0
1
1
3
0
0
0
11
14
0
0
0
1
0
2
0
2
3
3
0
3
0
3
3
1
1
1
0
1
0
0
0
0
5
3
0
2
0
0
3
2
1
0
0
0
1
0
4
1
4
0
1
1
9
7
1
0
1
0
0
0
1
1
0
1
0
0
2
2
0
3
1
5
9
15
0
0
0
0
0
0
0
0
0
0
4
2
6
0
0
0
1
0
0
0
1
0
0
0
7
4
1
0
1
0
0
3
1
1
0
0
1
2
1
8
3
4
0
0
0
3
1
4
0
1
0
0
2
0
0
0
2
0
1
1
5
2
2
0
10
12
0
0
1
0
2
0
0
0
1
2
2
1
4
4
3
0
0
0
