0
0
14
25
14
1
3
5
0
0
0
0
0
0
6
13
0
1
0
3
0
0
0
7
0
0
0
0
3
0
0
4
0
5
5
0
1
0
0
0
6
0
0
0
2
0
0
0
3
0
8
1
1
0
0
4
0
6
17
3
0
11
4
0
0
0
0
4
0
3
5
1
0
3
0
0
7
7
0
0
12
9
0
0
5
15
16
5
11
5
3
0
0
0
2
0
1
9
18
10
20
75
371
503
159
20
25
11
2
0
0
0
0
2
2
2
2
6
1
2
2
9
0
0
3
7
9
2
0
0
5
0
1
1
6
0
9
0
8
0
4
5
14
11
5
0
9
13
0
0
2
0
1
3
0
0
0
0
1
4
12
13
0
0
0
0
0
0
0
2
0
0
9
5
1
0
0
0
3
8
17
4
1
0
1
0
0
0
5
13
12
3
15
14
4
3
5
1
0
0
7
6
1
1
0
0
0
0
1
0
3
4
10
20
7
2
0
0
0
1
0
10
6
0
0
0
0
0
2
1
5
3
8
0
1
0
0
0
9
1
0
0
3
0
0
1
5
0
0
4
10
0
0
0
0
0
0
0
0
0
3
17
11
2
0
6
11
4
0
0
0
0
2
0
1
0
3
2
23
15
0
0
2
0
5
6
4
0
6
4
1
2
12
4
0
0
0
0
0
2
5
11
0
0
7
0
0
2
2
7
6
2
2
0
0
0
0
2
2
0
0
0
2
0
2
1
3
2
2
4
7
0
2
0
5
1
2
3
3
1
0
0
0
0
6
11
2
5
2
0
3
6
0
0
0
2
1
1
1
2
3
5
2
4
4
9
15
8
0
0
3
0
1
0
1
0
3
0
4
0
0
0
10
4
1
0
0
0
0
1
0
0
0
0
5
0
0
0
5
7
3
0
0
2
0
3
2
5
6
14
15
16
1
0
4
10
12
3
1
0
0
0
2
0
0
0
1
3
13
5
7
0
1
0
0
0
9
3
1
0
1
0
1
0
0
2
1
0
0
8
9
6
0
2
2
0
0
0
4
6
4
1
0
1
11
2
0
0
0
0
2
0
1
0
2
0
13
15
0
0
7
3
0
0
0
0
0
0
2
1
1
0
0
0
0
2
1
0
0
2
0
0
14
11
11
10
6
1
0
0
0
0
0
0
0
0
0
0
3
3
2
1
1
0
1
0
4
0
10
8
11
0
3
8
17
1
1
0
1
0
4
1
6
11
0
0
0
2
4
2
0
3
0
1
1
0
0
4
0
0
0
0
0
0
2
0
0
0
5
0
1
3
2
1
6
6
1
0
3
0
5
1
3
0
0
0
3
0
0
0
0
0
0
5
1
1
0
0
0
3
1
2
0
1
0
0
0
0
11
22
3
0
0
1
3
1
1
3
0
0
0
0
3
16
17
3
1
0
6
3
5
0
0
0
7
9
9
1
0
8
7
3
0
0
6
5
0
4
1
1
0
0
3
4
7
8
0
0
0
0
1
3
0
0
0
3
0
0
0
0
2
1
2
0
7
11
0
0
8
0
0
0
0
2
7
6
2
1
0
0
0
3
5
2
0
2
1
0
0
0
9
7
1
2
0
0
3
1
0
0
0
0
0
0
1
0
0
0
1
0
0
0
3
0
3
0
3
1
1
0
3
0
0
0
0
0
0
0
1
0
6
12
0
0
3
17
10
4
3
5
0
0
0
1
3
3
1
5
5
0
0
0
0
0
0
0
7
2
1
0
2
0
3
1
1
0
0
0
0
4
7
5
7
4
0
1
6
10
5
1
0
1
0
1
0
0
0
0
0
2
0
4
8
4
0
5
10
12
0
2
1
0
2
0
0
0
5
0
0
0
7
4
2
0
1
3
0
0
0
0
0
0
9
5
0
0
0
3
7
5
0
1
1
1
1
2
0
0
0
0
0
0
0
2
0
3
4
1
1
1
1
0
2
0
2
0
1
0
2
0
2
0
13
12
2
0
2
0
0
0
0
2
3
0
2
2
0
0
1
1
0
1
0
1
0
2
0
0
7
4
0
2
2
0
3
2
2
0
0
0
1
0
2
0
5
0
3
2
9
8
4
0
1
0
0
0
2
0
0
0
0
0
0
1
2
1
3
2
5
14
1
0
1
1
0
1
0
0
0
1
3
5
5
1
0
0
1
0
2
0
1
0
0
0
10
6
6
0
4
0
1
3
3
0
1
0
0
1
3
5
2
0
1
0
2
0
1
2
1
0
0
0
1
0
0
0
2
2
0
4
5
3
0
1
11
13
0
0
2
0
2
0
0
0
1
1
1
0
6
4
6
0
1
0
