0
0
14
24
13
0
0
0
0
0
0
0
0
0
1
7
0
0
0
1
0
0
0
4
1
0
0
0
6
1
4
15
23
49
123
437
1065
819
244
44
21
6
4
1
4
0
2
0
4
0
6
3
6
0
0
2
3
9
15
3
2
10
5
0
0
0
0
2
2
2
5
0
0
0
3
3
6
5
2
2
7
13
0
0
3
17
16
8
8
4
0
0
1
0
0
0
1
9
11
0
0
0
2
0
0
0
13
1
0
0
0
0
0
0
0
0
2
0
0
0
3
3
0
0
1
4
6
3
0
0
1
2
0
2
1
0
10
0
5
0
1
4
14
12
5
0
12
11
0
0
0
0
1
0
0
0
0
0
0
2
12
9
0
0
0
0
0
0
0
0
0
0
8
0
1
0
0
0
3
8
10
6
0
1
0
0
0
0
5
12
12
5
12
12
9
3
7
0
1
0
5
5
1
0
0
0
0
0
0
0
2
2
6
16
5
0
0
0
0
0
0
7
1
0
0
0
0
0
0
2
2
5
4
1
1
0
0
0
6
0
0
0
3
0
0
0
4
0
0
4
10
0
0
0
0
0
0
0
0
0
0
11
9
0
0
2
9
0
0
0
0
0
2
0
0
0
0
4
18
18
0
0
2
0
5
6
3
0
5
1
1
2
15
1
0
0
0
0
1
0
1
9
0
0
6
0
1
0
2
2
6
0
0
0
0
0
0
0
0
0
0
0
1
0
0
0
1
3
3
8
6
0
2
0
4
0
1
2
4
0
0
0
0
0
9
8
0
3
0
0
2
1
0
0
0
0
0
0
0
0
1
0
3
0
1
9
13
5
0
0
4
0
0
0
0
0
1
1
2
0
0
1
9
2
1
0
2
0
1
0
1
0
0
0
3
0
0
0
3
4
3
0
0
0
0
0
2
0
2
12
18
12
0
0
2
8
11
4
0
0
0
0
0
0
0
0
0
8
11
7
6
0
0
0
0
0
8
3
2
0
1
0
1
0
1
0
0
0
0
2
7
1
0
0
1
0
0
0
3
4
3
0
0
0
8
0
0
0
0
0
1
0
0
0
2
0
10
19
0
1
5
4
0
0
0
0
0
0
1
2
1
0
0
0
1
0
2
0
0
0
0
0
13
6
10
7
5
0
0
0
0
0
0
0
0
0
0
0
3
1
2
2
0
0
2
2
2
4
9
8
10
0
2
3
15
0
0
0
0
0
2
0
7
9
0
0
0
0
3
0
0
0
0
0
0
0
2
2
0
0
0
0
0
0
2
0
0
0
2
0
2
2
2
0
8
8
1
0
2
0
4
0
2
0
0
0
0
0
0
0
0
0
1
1
2
0
0
0
0
0
0
0
0
0
0
0
0
0
9
20
0
0
0
0
2
0
1
2
1
0
0
0
3
14
16
4
0
1
6
2
0
0
0
0
4
9
7
0
0
1
3
0
0
0
2
0
1
0
0
0
0
0
2
0
6
3
0
0
1
0
0
2
0
0
2
0
2
0
0
0
3
0
2
0
7
11
0
1
3
0
0
1
0
3
5
3
0
0
0
0
0
0
5
0
0
0
0
0
0
0
8
2
2
0
0
0
0
0
0
0
0
0
0
0
0
0
0
0
1
0
0
0
0
0
1
0
0
0
0
0
1
0
0
0
0
0
0
0
0
0
6
10
0
0
1
11
11
0
4
0
0
0
0
0
4
3
0
2
5
0
0
0
0
0
0
0
8
0
1
0
2
0
1
0
0
0
0
0
0
4
7
5
2
2
0
0
4
9
7
0
0
0
0
0
0
0
0
0
0
0
0
0
7
0
2
1
4
7
2
0
1
0
2
0
0
0
5
0
2
0
4
1
0
0
0
1
1
0
0
0
0
0
6
1
1
0
0
0
2
1
0
0
0
0
0
0
0
0
0
0
0
0
0
0
1
0
5
1
3
0
0
0
1
0
2
0
0
0
1
0
0
0
10
15
0
0
0
0
0
0
0
0
0
0
0
0
0
0
1
0
0
0
0
0
0
0
0
0
5
0
0
0
2
0
3
0
1
0
0
0
1
0
3
0
3
0
0
0
6
6
0
0
0
0
0
0
0
0
0
0
0
0
0
0
0
0
0
0
9
12
0
0
0
0
0
0
0
0
0
0
3
0
6
0
0
0
0
0
0
0
1
0
0
0
6
4
0
0
0
0
0
1
2
1
0
0
0
0
0
4
0
0
0
0
0
0
0
0
0
0
0
0
2
0
0
0
4
0
0
0
5
0
3
0
9
9
0
0
2
0
0
0
0
0
0
0
0
0
3
5
0
0
0
0
