0
0
13
27
13
2
0
5
0
1
0
0
1
3
9
14
0
4
2
4
1
4
0
6
3
0
0
2
6
0
2
6
5
8
9
1
1
2
0
0
5
0
0
0
3
0
0
0
3
0
6
4
1
0
1
6
1
8
17
5
3
16
5
0
1
0
0
5
2
5
5
4
2
5
4
7
5
8
4
0
8
13
1
0
24
18
20
7
8
6
1
0
0
0
0
1
0
12
10
2
10
13
28
103
389
475
172
34
9
6
0
3
1
5
2
4
4
6
2
5
5
10
0
4
4
10
11
5
0
0
5
2
2
2
5
2
11
0
5
0
2
6
11
13
3
0
10
14
0
0
0
0
2
3
0
0
0
0
0
6
12
14
0
2
0
3
0
4
0
5
0
0
11
4
1
2
0
0
5
8
16
9
4
0
0
0
0
0
5
15
14
6
12
14
8
5
5
1
0
1
5
8
1
2
2
0
0
0
1
3
5
5
8
22
10
2
2
2
0
0
0
13
9
2
2
1
3
0
4
3
7
6
9
0
1
2
0
0
6
1
1
0
2
0
1
3
7
2
2
6
12
2
0
0
0
0
0
0
0
1
4
17
10
2
0
9
11
5
2
4
3
4
6
5
2
0
6
6
24
19
3
2
5
0
6
8
3
1
5
4
2
4
12
6
1
1
0
0
1
4
4
11
0
1
8
1
1
3
4
7
8
4
2
1
0
2
2
5
3
2
3
2
6
0
6
3
6
4
5
9
8
0
2
1
5
3
1
3
3
1
0
0
1
1
7
14
4
7
2
0
4
6
0
0
0
1
2
3
0
2
2
6
5
3
4
13
19
12
0
0
8
3
3
2
5
2
3
1
3
0
2
4
9
5
3
0
0
0
2
3
2
2
3
2
5
0
0
1
7
10
4
1
0
1
2
5
4
5
6
18
17
19
1
3
5
15
17
8
4
2
2
0
5
0
2
2
2
5
12
8
6
2
1
0
0
0
7
5
1
4
0
0
1
1
0
1
3
1
1
8
10
5
0
1
2
1
2
2
6
7
6
6
0
5
11
8
3
0
0
4
7
0
5
0
4
1
16
19
2
0
8
5
0
0
0
1
0
1
2
4
2
0
0
1
2
3
3
0
0
0
0
0
14
14
12
12
8
5
0
4
2
2
0
2
0
0
0
1
6
6
6
3
4
0
5
4
6
4
9
9
10
0
4
10
15
4
1
2
1
0
4
2
10
12
1
0
0
1
4
3
0
5
0
3
4
3
2
9
2
2
0
1
0
0
3
1
0
0
6
2
6
3
4
0
9
5
4
0
6
1
3
2
4
0
0
1
2
1
0
0
0
0
0
5
2
0
0
2
0
6
1
3
1
3
3
5
0
2
11
24
2
0
1
3
6
6
2
5
4
1
1
0
6
17
18
5
2
0
7
6
3
1
0
0
4
11
9
2
2
7
6
2
0
1
7
7
2
5
4
5
0
1
3
8
8
12
2
2
1
4
2
8
4
3
5
6
2
1
2
1
7
3
4
2
10
15
1
2
5
0
2
1
0
5
9
9
4
1
0
1
0
5
8
6
0
1
1
3
0
0
8
11
5
5
2
0
5
2
1
0
2
0
2
0
2
0
1
1
3
1
0
0
5
1
3
2
0
2
0
0
3
0
3
1
1
2
0
2
3
4
10
16
0
1
5
17
13
6
4
4
2
2
0
1
4
4
1
8
8
0
1
1
3
3
0
0
10
4
1
1
5
0
3
4
3
0
0
0
3
5
12
9
10
9
0
3
7
14
8
5
2
4
1
5
2
1
2
2
3
1
1
3
10
1
3
6
11
13
4
4
3
2
8
1
1
2
5
2
6
0
7
4
2
1
5
4
2
0
1
0
0
0
8
6
3
1
2
7
7
7
1
4
1
3
3
5
0
1
0
0
0
0
0
3
4
5
5
6
2
5
5
2
3
0
2
0
3
1
6
2
5
1
15
18
4
1
4
2
2
4
0
4
4
4
3
3
0
7
5
4
0
1
1
2
0
1
0
0
6
3
2
4
3
0
3
3
2
0
2
1
1
0
4
2
5
0
2
1
10
9
6
1
5
0
2
1
3
2
3
5
0
2
3
4
2
6
3
5
8
18
0
1
0
2
1
0
1
0
1
2
2
4
4
0
0
0
2
0
2
0
3
0
0
0
9
6
8
2
6
1
6
4
7
3
5
1
4
5
4
9
4
5
4
3
0
3
3
6
5
4
0
0
0
1
0
1
3
1
1
6
7
2
2
2
11
14
0
0
2
2
2
1
1
2
3
3
3
1
6
7
6
1
3
0
