2
1
16
27
14
3
1
5
2
2
2
3
0
0
8
14
0
1
3
3
1
0
0
8
2
1
0
2
6
2
0
8
4
11
8
8
2
7
0
0
6
0
3
1
5
0
2
0
5
1
8
6
3
0
0
6
0
12
16
6
3
12
8
0
0
1
0
5
4
5
4
2
1
6
4
6
9
9
1
5
12
16
0
2
5
23
18
8
12
8
2
0
3
0
4
0
2
11
12
1
5
5
15
18
4
116
480
468
133
23
6
1
0
2
3
2
5
3
4
4
5
9
0
1
6
8
10
4
0
1
5
5
0
4
4
2
13
2
7
0
6
6
14
14
8
0
12
13
0
0
0
0
3
3
0
0
0
0
0
3
16
13
0
0
0
0
0
0
0
4
0
0
10
5
2
3
0
1
4
11
16
8
2
1
2
0
0
0
10
15
30
6
18
16
9
5
6
1
0
0
8
8
4
1
0
0
1
1
0
0
3
6
8
20
8
0
0
0
0
2
0
10
4
0
0
3
3
3
1
3
7
8
7
3
2
1
0
0
10
1
3
0
5
0
0
1
6
1
0
7
10
0
0
0
0
0
0
0
0
0
6
15
7
0
1
7
11
5
2
2
1
2
5
3
0
3
3
6
21
19
1
5
7
3
6
8
3
1
8
7
4
7
12
5
0
1
0
2
3
3
5
13
0
0
7
2
2
3
3
7
8
5
2
0
1
4
0
5
0
0
1
6
4
5
2
3
5
6
5
9
7
2
3
2
7
4
6
5
6
4
0
1
0
0
9
15
3
9
3
1
6
8
1
0
0
4
2
2
2
1
1
4
3
7
6
14
14
12
0
0
4
4
2
5
0
3
3
3
3
0
3
4
11
5
5
3
2
0
4
5
1
1
0
4
4
2
0
1
3
9
3
0
4
1
1
2
2
5
25
17
19
20
0
5
5
16
15
10
1
5
2
2
1
3
1
2
1
8
14
9
9
2
4
0
0
0
9
5
6
2
5
2
2
0
1
3
3
2
4
7
10
5
2
2
4
1
1
2
6
10
7
6
0
6
11
8
1
3
1
7
5
3
1
3
3
3
14
18
2
3
11
7
3
0
1
0
0
0
7
6
5
1
1
1
3
4
4
0
3
2
0
0
15
12
14
14
9
5
0
3
1
3
0
3
1
1
1
3
3
7
7
4
2
0
5
5
5
3
13
9
13
4
5
9
20
4
0
0
6
0
4
4
8
12
3
0
2
2
5
2
0
5
1
2
1
3
3
8
1
2
2
2
0
1
5
4
0
0
8
3
6
6
6
1
9
7
5
0
5
3
5
3
2
0
1
4
4
0
2
2
0
0
2
6
5
0
0
1
0
3
1
2
1
3
1
3
1
2
13
26
4
4
5
7
5
5
6
5
2
0
1
0
25
16
17
7
3
1
7
5
2
1
0
0
6
12
10
1
1
7
8
2
1
3
6
5
4
1
1
1
0
3
3
6
9
11
2
3
1
6
5
10
4
6
7
6
4
1
5
0
5
4
5
2
13
14
0
3
7
0
0
2
0
5
8
7
3
1
1
0
0
4
8
5
1
0
2
2
0
0
9
8
6
5
0
3
5
5
0
3
2
0
4
2
3
0
3
0
3
1
3
2
5
2
4
2
4
2
2
0
3
0
0
0
0
0
0
2
3
3
8
12
0
0
5
17
13
5
4
5
1
2
1
4
7
9
1
10
5
0
3
3
0
2
0
0
9
2
4
1
5
1
4
3
5
0
2
3
1
8
11
9
7
5
0
3
7
14
9
2
3
2
0
2
2
2
0
2
0
1
0
7
7
7
5
9
9
15
2
10
4
8
5
0
4
0
7
6
4
4
6
6
3
2
5
4
2
2
0
0
0
0
7
6
4
0
0
6
9
6
0
0
1
3
3
4
0
0
0
4
1
3
0
7
2
7
5
7
4
8
3
2
2
1
5
1
4
1
3
0
1
2
13
18
2
1
2
0
0
2
0
4
2
0
3
3
0
3
4
2
1
1
0
1
0
4
0
0
4
8
1
4
0
3
3
8
4
5
2
1
2
1
4
2
5
2
1
3
13
8
3
1
5
2
4
3
3
0
0
2
0
2
3
3
3
3
4
5
10
17
1
2
0
3
1
4
1
4
0
2
3
6
5
4
1
3
3
2
2
0
3
2
0
0
9
7
5
3
3
2
3
5
5
4
2
0
0
3
2
8
4
3
1
1
1
2
2
5
3
4
0
0
2
5
3
4
3
5
1
8
7
6
4
5
14
17
2
0
6
1
4
1
2
3
2
2
1
4
6
8
5
1
2
0
