0
0
28
30
17
5
0
9
2
4
0
5
1
2
7
16
3
3
5
3
4
1
2
8
6
0
2
2
7
1
1
5
2
8
8
5
0
3
0
0
5
0
0
1
0
1
0
1
2
0
7
9
3
2
0
7
3
13
18
10
1
13
8
2
0
1
0
6
5
3
8
2
2
3
7
3
11
10
3
3
13
14
0
0
5
19
12
5
5
7
0
0
0
0
1
0
0
11
12
4
2
2
2
7
0
1
28
26
33
184
552
431
100
22
12
9
9
6
4
2
6
7
3
1
8
8
12
2
0
0
4
1
0
3
5
1
10
2
8
2
0
5
11
15
8
1
10
15
0
1
0
0
2
7
0
1
0
0
1
7
13
15
0
0
0
0
1
0
2
0
0
0
13
1
2
1
3
2
2
9
15
7
0
1
0
1
0
0
4
15
11
4
12
14
5
7
5
4
0
3
8
11
3
6
1
2
1
3
3
3
5
7
9
20
10
0
5
0
2
0
0
9
7
0
4
3
1
0
1
5
3
6
5
0
1
1
0
0
6
3
0
0
3
1
0
2
5
3
0
10
11
3
1
0
0
0
0
0
2
3
6
18
12
0
2
7
14
3
3
1
4
1
4
0
0
0
1
5
18
17
0
2
3
0
3
7
2
2
4
4
0
5
12
6
0
0
0
1
2
8
5
14
0
1
8
6
5
5
7
10
8
1
5
0
3
2
0
2
3
0
3
1
4
1
1
2
3
4
1
9
6
2
2
0
2
4
3
5
2
4
0
0
0
0
8
14
1
9
3
3
4
8
2
2
0
4
6
4
2
2
4
5
5
4
5
9
17
7
0
0
4
1
0
3
0
1
0
0
1
2
0
3
7
6
2
1
0
0
1
3
3
2
1
4
4
2
1
1
4
12
6
4
5
3
3
5
5
6
24
17
23
18
4
2
6
12
15
6
3
3
1
0
1
0
0
0
0
6
11
5
6
1
0
0
0
0
8
4
0
0
1
0
2
1
2
4
2
4
3
8
11
8
2
5
5
0
4
4
8
10
9
1
1
3
13
6
0
0
3
2
2
0
2
0
2
3
11
21
0
2
7
7
0
0
0
0
0
1
3
5
4
4
1
2
3
7
5
2
4
5
0
1
17
13
15
14
12
5
2
0
3
1
1
1
1
0
0
5
5
6
3
2
3
1
2
4
2
5
12
9
8
3
3
10
15
5
0
2
4
2
7
4
9
15
3
1
4
4
6
4
0
7
4
3
5
1
5
5
1
0
3
1
0
0
3
1
0
0
7
5
1
6
3
3
8
9
0
1
3
5
3
4
3
1
0
3
1
2
0
5
2
4
4
7
3
2
0
1
5
5
5
4
4
5
3
2
1
0
16
23
5
3
0
1
4
2
3
4
3
2
0
2
4
17
17
7
1
1
2
5
0
1
0
0
8
12
7
2
2
9
8
7
5
4
8
8
8
7
7
6
1
4
7
6
11
10
4
1
1
3
4
5
2
1
1
4
3
1
0
0
3
5
1
2
15
14
0
3
5
1
0
3
0
6
9
10
6
2
1
3
2
5
9
8
4
1
3
5
0
0
12
8
7
2
1
1
3
4
0
1
0
1
1
3
0
0
0
1
0
0
1
3
3
2
2
1
2
1
0
0
4
2
1
1
0
1
1
6
5
4
11
16
0
0
25
18
17
8
7
6
1
0
1
3
6
8
3
7
5
1
0
0
0
4
0
0
7
4
0
0
1
0
2
5
0
0
1
0
2
8
9
7
7
5
0
4
8
13
8
4
5
5
1
3
6
3
3
3
2
2
4
6
11
2
3
5
10
12
2
5
4
6
3
1
0
1
1
4
2
0
4
4
0
0
3
4
1
3
1
0
0
0
10
7
2
2
2
5
13
7
4
4
5
4
7
7
2
0
0
1
4
0
0
0
1
4
5
4
4
5
2
3
2
0
0
1
2
3
4
0
0
0
15
18
2
1
3
2
1
2
0
2
4
3
5
5
2
4
4
4
4
3
3
2
3
1
0
0
9
8
3
4
0
0
4
4
5
2
0
0
1
2
1
3
1
2
0
0
7
8
2
1
3
1
0
1
0
0
3
1
0
1
3
3
5
6
3
6
12
17
4
3
4
3
3
4
0
1
3
2
5
3
8
3
0
2
1
0
0
0
1
4
0
0
8
7
3
0
1
1
2
6
4
2
1
1
1
3
3
7
1
3
2
0
3
2
3
7
4
4
0
0
4
4
6
2
7
1
3
5
8
3
4
4
12
15
0
1
3
1
2
3
1
3
1
2
2
2
5
9
7
1
1
0
