0
0
13
25
12
4
1
6
0
3
0
3
0
4
5
18
0
3
1
7
0
2
0
10
1
0
0
2
5
3
0
3
3
9
9
7
1
3
0
0
7
1
0
0
1
0
0
1
1
1
3
8
2
1
0
7
0
13
16
11
3
15
3
0
0
4
0
7
2
5
4
2
0
4
3
5
9
8
4
4
13
13
1
3
6
18
16
6
5
4
0
0
0
0
0
0
0
14
11
2
0
2
3
5
0
0
17
14
17
21
32
225
590
405
89
18
14
8
4
6
7
8
0
0
6
5
12
4
2
0
7
2
0
4
4
1
10
2
4
3
0
7
12
14
3
3
11
14
0
1
0
0
4
6
0
0
0
3
0
8
15
16
1
1
0
0
0
0
0
3
0
0
12
2
3
0
3
0
7
11
19
7
3
1
0
0
0
0
2
15
11
8
14
16
6
6
5
2
0
2
5
9
3
4
0
0
0
2
2
4
3
9
10
22
8
0
0
0
0
0
0
7
7
0
2
2
4
1
3
5
4
5
7
0
2
3
0
0
7
3
1
0
3
1
0
3
4
1
0
8
10
1
0
0
0
1
0
2
0
3
3
18
9
2
0
6
11
5
2
0
1
2
5
2
2
1
6
5
22
19
1
3
4
0
5
9
2
1
3
5
0
5
13
3
0
0
0
0
1
3
5
12
0
0
9
4
0
4
3
9
4
5
0
2
0
3
0
3
3
0
0
2
4
1
4
1
6
4
4
8
7
0
3
0
4
4
2
6
2
3
0
1
0
0
6
15
2
9
2
2
2
8
0
2
0
4
2
6
0
3
2
6
4
6
5
10
14
10
0
0
6
1
0
0
6
0
2
0
4
0
1
3
10
6
3
2
2
2
0
4
2
2
0
3
5
1
0
2
5
10
3
3
1
4
0
5
2
5
5
18
20
19
2
2
3
13
15
6
2
1
0
0
2
0
0
0
2
7
15
8
6
1
3
0
0
0
8
5
1
2
2
1
3
1
0
6
0
3
1
10
8
7
0
5
2
2
0
2
7
8
4
2
0
3
11
4
0
0
0
4
2
0
2
1
0
3
13
18
1
0
10
7
1
0
0
2
0
0
2
7
1
3
0
2
2
6
1
4
0
4
0
2
12
14
12
15
7
4
0
3
0
2
0
1
0
0
0
3
4
6
3
4
4
3
3
4
4
5
13
11
13
2
4
10
19
4
2
2
4
3
6
4
6
16
3
3
3
4
4
5
0
6
0
1
3
3
2
5
2
0
3
3
0
2
4
1
0
0
8
5
3
3
5
1
9
6
5
0
5
4
7
6
3
0
2
4
2
2
0
3
2
2
1
9
3
3
0
2
1
4
1
2
1
2
1
1
1
1
12
25
5
3
0
2
4
5
1
5
1
3
1
1
5
16
20
7
4
2
8
4
6
1
0
0
9
14
11
3
2
10
7
7
0
6
7
10
3
6
3
4
0
4
4
3
9
11
2
2
4
4
3
8
1
2
3
5
3
1
0
0
4
4
5
2
11
15
2
3
11
0
3
2
1
7
11
8
5
3
1
2
0
6
9
8
2
2
1
3
0
0
6
8
1
2
0
2
2
4
2
2
0
0
0
1
0
0
0
3
0
2
1
1
3
2
4
2
5
3
5
1
5
3
4
0
1
0
0
6
4
5
9
16
0
0
5
19
15
8
4
7
1
0
1
1
5
7
2
8
5
0
0
1
1
4
0
0
8
6
0
0
1
0
3
5
4
0
2
0
5
4
13
9
7
5
1
6
7
13
7
5
2
4
1
5
1
1
0
2
0
2
0
4
7
3
4
4
8
12
2
5
3
4
3
0
0
2
2
2
1
1
4
5
1
0
5
3
3
1
3
0
0
0
10
6
3
1
1
5
8
6
0
4
1
4
1
6
0
2
0
0
0
2
0
0
2
4
5
4
1
4
1
2
3
0
0
2
0
2
2
1
3
0
17
18
3
0
5
0
3
3
1
5
3
1
6
4
1
3
3
3
2
2
0
3
0
2
0
0
7
7
0
3
3
0
4
4
1
1
0
0
0
0
2
3
3
0
1
2
9
10
2
1
3
2
3
3
2
0
3
2
0
0
3
1
2
3
2
6
11
17
0
3
1
2
0
3
0
3
0
0
4
4
3
1
0
3
1
0
2
0
2
2
0
0
5
8
6
0
4
2
5
5
6
3
4
0
1
1
5
6
5
3
2
2
0
4
0
6
3
3
0
0
3
4
0
4
2
2
0
5
6
4
1
3
13
16
0
0
1
3
0
2
0
1
1
3
3
1
5
6
8
2
4
0
