0
0
13
24
14
0
0
3
0
0
0
0
0
0
4
10
0
1
0
3
0
0
0
7
0
0
0
0
1
0
0
2
0
5
4
1
0
1
0
0
5
0
0
0
2
0
0
0
1
0
6
2
2
0
0
3
0
9
15
4
1
12
2
0
0
0
0
4
0
3
3
2
0
2
1
2
3
5
0
3
6
11
0
0
3
15
14
6
5
4
0
0
0
0
0
0
0
10
9
0
1
0
3
0
0
0
11
2
0
1
0
5
15
21
49
329
658
348
62
16
13
11
0
0
1
7
6
4
0
0
2
0
0
3
2
0
6
0
4
0
0
5
10
13
3
0
10
13
0
0
1
0
2
3
0
0
0
0
0
4
11
12
0
0
0
0
0
1
0
0
0
0
6
2
0
0
0
0
0
7
12
4
0
0
0
0
0
0
2
13
9
3
13
17
6
3
7
0
2
0
8
7
2
0
0
0
0
1
0
1
3
6
4
20
6
1
0
0
0
0
0
8
4
0
0
0
0
0
0
1
1
5
4
0
0
0
0
0
7
0
1
0
1
0
0
1
4
0
0
4
7
0
0
0
0
0
0
0
0
1
1
17
9
2
0
5
8
1
0
0
0
0
2
0
0
0
0
5
16
15
0
0
0
0
1
6
0
1
5
3
0
3
14
2
0
0
0
0
2
2
3
12
0
1
7
1
0
2
1
6
4
2
0
0
0
0
0
1
0
0
0
0
0
0
0
0
1
2
0
7
3
0
0
0
2
2
0
2
4
0
1
0
1
0
5
11
5
7
2
0
1
6
0
0
0
2
0
2
0
0
0
4
0
2
1
13
13
8
0
0
2
0
0
1
0
0
1
0
0
0
0
2
7
3
2
0
0
0
1
0
3
1
0
0
7
0
0
0
1
7
4
1
1
0
0
3
1
4
5
14
14
17
0
1
3
14
11
6
1
0
0
0
0
0
0
0
0
3
11
7
5
0
2
0
0
0
5
2
3
0
2
0
2
0
0
0
0
1
0
6
5
3
0
3
0
0
0
2
6
8
2
1
0
3
11
1
0
0
0
0
1
0
0
0
0
0
11
16
0
0
7
1
0
0
0
0
1
0
4
3
6
0
0
0
0
1
3
0
0
0
0
0
15
11
9
10
7
3
0
0
2
1
0
0
0
0
0
0
2
4
2
0
0
0
1
0
1
2
9
9
10
0
3
7
16
1
1
0
3
0
5
0
7
11
1
0
1
2
3
1
0
4
0
0
0
2
1
5
0
0
0
0
0
0
1
0
0
0
3
0
0
2
1
1
6
6
0
0
2
0
2
2
2
0
0
0
3
0
1
0
0
0
1
4
1
0
0
0
0
1
0
0
0
0
0
0
0
2
9
21
1
0
0
0
0
0
2
3
0
0
0
0
1
15
12
3
1
0
3
1
2
0
0
0
6
10
11
0
1
5
8
1
0
0
3
3
1
4
0
3
0
0
1
3
8
9
0
0
0
0
1
4
0
0
0
1
0
0
0
0
1
2
0
0
6
11
0
1
4
0
1
0
0
3
8
5
4
0
1
0
0
1
5
4
0
0
0
0
0
0
8
5
1
3
0
0
0
0
0
0
0
0
0
0
0
0
0
0
0
0
0
0
0
0
0
0
1
0
1
0
2
0
1
0
0
0
1
0
3
0
10
13
0
0
1
16
9
2
3
3
0
0
0
0
1
2
0
4
5
0
0
0
0
0
0
0
5
1
0
0
0
0
1
2
1
0
0
0
1
3
9
5
6
4
1
0
9
11
8
0
1
0
0
0
0
0
0
0
0
0
0
1
7
0
1
2
8
9
0
0
1
0
0
0
0
0
0
1
0
0
3
2
0
0
1
0
0
0
0
0
0
0
9
4
3
0
1
4
6
5
0
0
0
1
0
1
0
0
0
0
0
0
0
0
0
0
3
0
0
0
0
0
0
0
0
0
0
0
0
0
0
0
11
15
1
0
5
0
0
1
0
3
3
0
1
1
1
3
3
1
0
0
0
0
0
0
0
0
4
0
0
0
0
0
2
0
0
0
0
0
0
0
0
0
0
0
0
1
8
6
0
0
1
0
0
0
1
0
3
0
1
0
3
2
3
2
4
1
6
13
0
0
0
0
0
0
0
0
0
0
1
0
2
0
0
0
0
0
0
0
0
0
0
0
5
5
1
0
0
0
0
2
3
2
2
1
1
3
4
6
3
2
3
0
1
0
0
0
0
0
0
0
2
0
0
0
1
0
0
0
4
1
0
0
8
12
0
0
0
0
0
0
0
0
0
0
0
0
3
3
5
0
0
0
