0
0
11
24
14
0
0
4
0
0
0
0
0
0
4
10
0
0
0
2
0
0
1
6
3
0
0
0
6
0
0
4
2
7
6
3
0
0
0
0
3
0
0
0
0
0
0
0
0
0
3
2
0
0
0
2
0
9
12
1
4
10
5
0
0
0
0
1
1
2
5
0
2
4
4
3
10
7
2
3
10
12
0
0
4
15
13
5
4
4
0
0
0
0
0
0
0
9
8
0
0
0
1
0
0
0
12
4
0
0
0
0
2
8
20
23
67
396
678
315
59
22
11
4
7
9
11
4
0
0
2
2
0
2
1
1
7
0
5
0
0
3
8
12
3
0
9
10
0
0
0
0
1
2
0
0
0
0
1
3
13
11
0
0
0
0
0
0
0
2
0
0
12
3
3
0
0
3
3
11
12
6
0
0
0
0
0
0
1
14
8
2
12
12
5
5
3
0
0
0
5
5
1
1
0
0
0
0
0
0
5
3
7
16
7
0
0
0
0
0
0
10
7
1
0
0
0
0
0
1
0
4
2
0
0
1
0
0
7
0
0
0
0
0
0
0
4
0
0
5
9
0
0
0
0
0
0
0
1
0
2
13
9
0
0
4
12
3
1
0
0
3
5
1
0
1
2
3
18
15
0
0
2
0
1
5
0
0
3
2
1
3
9
3
0
0
0
0
1
2
4
10
0
0
8
1
2
1
2
3
8
0
3
0
0
0
2
2
1
0
0
1
1
2
1
0
3
2
1
5
4
0
0
0
0
1
0
1
0
1
0
0
0
0
6
10
0
8
1
0
1
4
0
0
0
0
1
0
1
0
2
0
4
2
5
10
18
6
0
0
4
0
0
2
0
1
0
1
0
0
0
1
8
2
0
0
0
0
0
0
0
0
0
0
3
0
0
0
0
7
2
0
0
0
0
0
3
1
5
12
21
14
0
0
5
12
13
7
2
2
0
0
0
1
0
0
0
5
11
5
3
0
0
0
0
0
4
0
0
0
0
0
0
0
0
0
0
0
1
3
6
4
0
0
1
0
0
0
7
4
4
1
0
1
13
6
1
0
0
2
0
0
0
0
1
1
8
17
0
0
3
3
0
0
0
0
0
0
1
3
2
0
0
0
1
0
2
0
0
0
0
0
13
9
13
7
7
3
0
0
1
1
0
0
0
0
0
1
2
4
3
0
0
0
0
1
1
1
6
7
9
0
0
7
12
0
0
0
3
0
3
0
6
9
0
0
0
0
4
0
0
1
1
0
2
0
2
2
1
0
1
1
0
0
0
0
0
0
2
0
0
3
0
0
6
5
0
0
0
0
1
1
0
0
0
0
0
0
0
0
0
0
0
2
1
0
0
0
0
0
0
0
0
0
3
0
0
0
13
23
0
0
0
3
3
3
1
5
0
0
0
0
1
12
14
3
0
0
1
2
0
0
0
0
4
8
6
0
0
3
7
0
0
0
7
2
4
0
4
0
0
0
4
2
9
8
2
1
1
4
3
4
0
1
1
4
0
0
0
0
0
0
1
0
7
9
0
1
3
0
0
0
0
2
4
2
2
0
0
0
0
0
5
0
1
0
2
0
0
0
10
4
4
0
2
0
1
3
0
1
0
0
0
2
0
0
0
0
0
0
0
0
0
0
0
0
0
0
0
0
0
0
0
0
0
0
0
0
0
0
9
9
0
0
5
15
13
4
7
3
1
0
0
1
5
5
0
6
5
0
0
1
0
3
0
0
4
4
0
0
0
0
0
0
0
0
0
0
0
5
6
2
2
1
0
0
6
10
4
0
1
0
0
0
4
0
0
0
1
0
0
0
8
1
1
4
7
14
0
5
0
4
0
0
0
0
0
1
0
0
3
3
0
0
1
1
0
0
0
0
0
0
3
6
0
0
0
1
5
3
0
0
1
0
3
0
0
0
0
0
0
0
0
2
0
4
4
5
0
4
0
0
0
0
0
0
0
1
0
0
0
0
11
15
0
0
2
0
0
0
0
2
2
0
1
0
0
1
1
1
0
0
1
0
0
0
0
0
7
3
0
0
1
0
3
3
0
0
0
0
0
0
0
0
0
0
0
1
5
6
0
0
0
0
0
0
0
0
0
0
0
0
0
0
0
0
1
1
8
11
0
0
0
0
0
0
0
0
1
0
1
2
3
2
0
0
0
1
0
0
0
0
0
0
5
5
0
0
0
0
0
4
1
0
0
0
0
0
2
4
1
0
0
0
0
0
0
1
1
0
0
0
2
0
2
0
2
0
0
4
5
3
1
1
7
14
0
0
0
1
0
2
0
0
0
0
0
0
3
5
1
0
0
0
