1
0
12
24
14
0
4
3
0
0
0
0
0
0
7
10
0
0
0
0
0
0
0
3
0
0
0
0
1
0
0
4
0
6
6
4
0
3
0
0
4
0
0
0
0
0
0
0
2
0
5
3
2
0
0
4
1
7
16
1
0
8
4
0
0
0
0
1
0
1
2
0
0
2
0
0
7
7
2
4
6
10
0
0
3
17
14
7
5
6
0
0
0
0
0
0
0
6
8
0
1
0
0
0
0
0
15
3
0
0
0
0
0
0
0
7
20
27
77
468
694
283
44
13
10
9
11
7
0
0
2
3
0
3
1
0
8
0
5
0
0
3
11
13
5
0
10
11
0
0
1
0
3
1
0
0
0
0
0
2
11
10
0
0
0
0
0
0
0
0
0
0
7
3
1
2
0
0
1
12
12
5
0
1
0
0
0
0
2
13
11
5
13
12
8
4
5
0
1
0
7
6
1
0
0
0
0
0
0
0
2
3
6
16
6
0
0
0
0
0
0
10
4
1
0
0
0
0
0
3
2
3
4
0
0
0
0
0
3
0
0
0
1
0
1
0
7
0
1
4
11
0
0
0
0
0
0
0
0
0
1
13
7
0
0
3
7
0
0
0
0
1
2
2
0
0
1
6
20
16
0
3
1
0
2
7
1
0
5
4
1
1
16
2
1
0
3
0
1
0
6
9
0
0
5
0
1
0
1
5
4
0
1
0
0
0
0
0
0
0
0
0
0
0
0
1
1
5
1
9
4
1
0
0
1
1
2
2
2
1
0
0
1
0
6
9
1
6
2
0
3
4
0
0
0
0
0
0
0
0
0
0
1
1
1
9
13
6
0
0
2
1
0
3
0
1
0
0
1
0
0
4
7
4
0
0
0
0
1
1
3
0
1
0
4
0
0
0
3
7
4
0
0
0
0
0
1
1
5
11
16
15
0
0
3
8
12
4
0
0
0
0
0
0
0
1
0
5
11
9
3
2
0
0
0
0
9
2
1
0
2
0
3
0
3
0
2
0
2
2
7
1
0
0
0
0
0
0
3
6
3
0
0
0
7
0
0
0
0
0
0
1
0
1
0
1
9
19
0
0
4
3
0
0
0
0
0
0
3
2
5
0
0
0
3
2
2
0
0
0
0
0
10
8
8
7
7
0
0
0
0
0
0
0
0
0
0
0
0
3
0
0
0
0
0
2
0
5
6
11
8
1
0
9
14
4
0
0
2
0
6
0
7
8
3
0
0
0
4
0
0
1
0
0
0
0
1
4
0
0
0
0
0
0
1
0
0
0
3
1
0
3
0
0
5
7
0
0
0
3
1
4
0
0
0
0
1
0
1
0
0
0
2
2
2
0
0
0
0
0
0
0
0
0
0
0
0
0
10
20
0
0
0
0
0
1
1
2
0
0
0
0
0
15
14
5
0
0
2
5
2
1
0
0
3
9
9
0
3
4
7
0
1
0
6
1
4
0
2
0
0
0
1
2
7
6
0
0
1
0
1
2
1
0
0
0
0
0
0
0
0
2
1
0
5
12
0
4
4
2
0
2
0
3
7
7
2
0
1
0
0
0
8
0
0
0
1
0
0
0
6
4
2
0
0
0
0
0
0
0
0
0
0
0
0
0
0
0
0
0
0
2
0
2
0
0
0
2
0
0
1
0
0
0
1
0
0
0
3
0
11
8
0
0
4
15
13
0
2
2
0
0
0
0
3
3
1
5
3
0
0
0
0
2
0
0
5
4
0
0
0
0
0
2
0
0
0
0
0
4
8
5
6
2
0
1
9
11
8
0
4
0
1
0
1
0
0
0
0
0
0
0
5
0
2
1
9
10
0
1
0
0
0
0
0
1
1
2
0
1
3
5
0
0
2
2
0
0
0
0
0
0
9
5
4
0
2
1
10
3
0
0
3
0
1
0
0
0
0
0
0
0
0
0
0
1
4
0
0
1
1
0
0
0
0
0
0
0
0
0
1
1
10
15
1
0
1
0
0
1
0
1
3
0
3
1
1
1
3
0
0
0
0
0
0
0
0
0
5
1
0
0
0
0
2
2
0
0
0
0
0
0
2
2
0
1
0
4
8
9
1
0
3
2
0
0
2
0
2
0
0
0
4
0
4
0
1
0
8
12
0
0
0
0
0
0
0
0
0
0
2
1
1
0
0
0
0
0
0
0
0
1
0
0
5
6
1
1
0
0
1
5
4
0
2
0
1
1
2
2
4
0
4
0
1
0
0
0
1
0
0
0
2
0
0
0
0
0
0
1
1
0
0
0
7
12
0
0
0
0
0
0
0
1
0
3
0
1
2
6
4
0
0
0
