0
0
12
25
14
0
2
4
0
0
0
0
0
0
6
10
1
0
2
1
2
0
2
4
4
0
2
1
7
0
1
4
3
8
9
4
0
3
0
0
5
0
0
0
2
0
0
0
0
0
7
8
2
0
0
4
1
8
17
4
2
8
5
0
0
0
0
2
2
0
6
0
2
0
8
4
8
8
5
2
13
12
0
1
5
19
16
7
5
4
0
0
0
0
0
0
0
8
7
0
0
0
0
1
0
0
14
2
0
0
0
0
0
0
4
1
24
12
21
28
125
549
691
248
63
22
21
6
4
4
7
5
2
5
4
1
8
0
7
0
3
6
13
14
7
0
9
12
0
0
0
0
3
2
0
0
0
0
0
2
16
13
0
0
0
0
1
0
1
1
0
0
13
4
6
3
0
1
6
12
17
7
2
3
0
0
0
0
3
12
11
4
12
12
5
4
7
0
0
0
9
8
4
2
0
0
1
0
0
0
5
5
9
17
10
0
5
0
2
0
3
9
10
0
1
2
2
1
3
3
2
7
5
1
2
1
0
0
7
2
1
0
1
0
0
0
5
0
0
4
11
0
0
0
0
0
1
0
2
0
5
17
9
0
1
4
13
3
4
0
4
2
6
1
0
3
3
6
20
18
0
2
1
1
5
5
1
0
5
2
0
2
15
3
0
0
0
0
2
0
3
12
0
0
8
1
5
1
4
3
7
0
3
0
3
0
4
1
5
0
3
1
7
1
4
3
2
4
2
9
7
0
0
0
3
1
0
4
4
1
0
0
1
0
8
12
3
6
4
0
3
3
0
0
0
0
3
0
1
0
4
1
8
0
4
10
17
5
0
0
8
1
0
0
2
2
1
1
2
2
0
4
10
6
3
0
0
0
1
0
3
0
0
0
7
0
0
0
5
8
4
0
2
0
0
0
5
1
24
12
19
15
4
0
7
11
17
5
6
2
0
0
3
0
0
0
0
8
9
5
4
1
0
0
0
0
7
2
1
0
2
0
2
0
1
0
2
0
2
5
10
3
0
1
3
0
4
0
8
6
8
0
2
1
15
4
1
0
3
5
3
1
2
1
3
3
13
20
0
0
6
4
1
0
0
0
0
0
4
2
2
0
1
0
0
0
5
0
1
0
0
0
14
10
13
10
12
0
1
0
5
0
3
0
0
0
0
2
4
4
2
0
1
1
3
4
3
4
8
9
11
1
1
5
14
3
0
0
3
0
5
0
8
11
1
0
2
0
5
0
0
1
1
0
5
0
4
4
3
0
2
0
2
0
4
0
0
0
4
4
2
4
1
0
6
5
1
0
1
0
0
0
1
0
0
0
2
0
0
0
0
0
2
4
3
0
0
0
3
0
3
0
3
0
5
0
3
0
14
23
4
0
2
2
4
3
2
5
2
2
0
0
3
15
19
3
0
0
1
2
0
0
0
0
7
10
9
0
1
4
7
0
1
0
4
2
5
2
3
0
0
0
3
0
13
8
3
0
2
1
3
5
3
0
3
4
2
0
0
0
0
2
2
1
8
13
0
3
7
0
0
0
0
2
6
4
4
0
0
0
0
2
8
2
2
0
5
0
0
0
14
6
4
1
3
0
5
2
3
2
1
0
1
1
0
1
0
3
0
0
0
1
1
0
3
0
2
2
1
0
2
0
2
0
0
0
0
1
4
1
12
12
0
0
8
16
14
2
8
4
4
0
3
1
6
5
3
8
8
1
0
3
0
6
0
0
7
3
0
0
0
0
3
0
0
0
0
0
0
6
9
5
6
0
0
0
8
12
8
0
2
0
2
0
4
0
3
0
4
0
3
4
10
3
4
5
9
14
1
6
3
4
2
0
0
1
4
2
0
0
4
2
0
0
1
3
1
0
2
0
0
0
9
5
3
0
2
2
9
3
2
0
4
0
4
1
3
0
1
0
3
0
2
1
3
4
7
7
1
5
3
4
0
0
2
0
1
2
3
0
1
0
13
15
1
0
4
0
2
0
0
3
3
1
4
1
2
0
7
0
4
0
3
0
1
0
0
0
10
5
0
2
3
0
3
3
1
0
0
0
0
0
2
0
2
0
1
1
10
8
0
0
4
0
0
0
2
0
2
0
2
1
2
1
5
1
4
0
12
11
3
0
2
0
3
3
0
2
1
1
4
3
2
0
0
0
0
0
1
0
1
1
0
0
7
3
5
0
0
0
4
5
4
0
2
0
1
2
5
6
6
0
3
0
4
0
5
4
6
0
0
0
6
2
4
2
3
2
1
6
4
5
3
3
9
14
0
0
1
0
3
1
0
0
0
2
0
2
4
4
4
0
0
0
