1
0
12
29
15
3
1
6
1
0
0
0
0
0
9
9
3
0
4
0
3
0
1
7
3
0
0
0
6
0
4
5
6
17
32
53
128
506
1053
705
206
42
11
8
6
4
2
4
3
4
7
7
4
3
0
9
4
14
19
6
8
13
7
0
2
0
1
4
4
3
8
0
2
2
4
4
8
6
2
4
10
11
0
0
6
19
17
5
5
6
0
0
0
0
0
0
0
13
7
2
0
2
3
4
0
0
17
6
4
0
2
0
3
0
5
0
3
1
1
0
3
4
0
0
4
8
9
3
0
0
3
0
0
2
2
0
9
0
4
0
2
6
11
13
6
1
9
16
0
0
0
0
2
4
0
0
0
0
3
3
15
10
2
0
0
0
2
0
0
1
0
0
8
1
0
0
0
0
0
8
14
4
0
0
0
0
0
0
4
16
11
6
15
14
4
7
7
2
0
3
6
11
3
2
1
0
4
0
2
1
8
3
12
18
8
0
2
0
0
0
0
10
4
0
0
0
0
0
2
2
1
4
5
0
0
0
0
0
4
5
0
0
1
0
0
4
6
2
0
8
11
1
0
0
0
0
1
0
2
0
5
14
12
0
1
6
13
0
1
0
0
0
3
0
0
0
3
3
21
15
0
0
2
0
3
5
2
0
3
3
0
5
15
7
0
2
0
2
2
4
6
13
0
2
10
0
3
0
5
4
10
0
3
0
1
0
0
2
4
0
0
0
2
0
3
1
1
3
3
8
5
0
0
1
4
3
1
6
4
3
1
3
2
1
9
15
3
8
5
0
6
6
3
0
3
1
5
2
5
0
3
3
6
1
5
9
19
7
0
0
5
0
2
0
1
0
1
0
1
0
0
5
9
5
1
0
0
3
1
3
5
4
1
3
9
1
0
0
7
7
9
0
2
0
2
0
5
3
6
13
18
17
1
1
4
11
13
5
0
0
0
0
2
0
0
0
0
4
10
6
5
2
0
0
0
0
8
5
2
2
3
1
4
0
4
3
4
1
3
5
13
4
3
3
4
0
1
0
7
5
5
0
0
3
12
1
0
0
0
2
3
0
1
0
1
1
11
17
0
0
7
3
0
0
0
0
1
2
4
7
5
2
3
1
2
3
7
0
4
0
0
0
17
8
13
8
8
1
0
1
2
0
0
0
0
0
0
1
5
5
3
0
1
0
1
3
1
2
7
8
11
0
3
9
15
4
0
2
4
1
7
4
9
12
5
0
4
0
8
0
1
2
1
0
3
0
1
2
3
0
1
0
0
0
2
0
0
0
5
0
2
0
5
0
6
5
1
0
2
1
5
1
1
0
0
2
1
0
0
2
1
0
5
4
5
0
1
0
2
2
3
0
1
0
0
0
0
0
13
19
2
0
2
0
4
1
2
3
0
0
0
0
2
12
17
5
1
0
3
3
2
0
0
0
6
10
11
1
3
6
11
3
3
1
8
5
7
3
4
0
0
0
2
0
10
7
3
0
2
1
4
3
1
1
3
1
1
0
0
0
0
0
3
0
7
12
0
2
6
0
0
1
0
4
10
6
7
0
2
0
2
1
11
6
3
0
5
0
0
0
11
3
3
0
0
0
2
1
0
0
0
0
0
0
0
0
0
0
0
0
0
2
0
0
1
0
1
1
1
0
3
0
0
0
1
0
1
2
3
2
11
15
0
0
6
16
16
3
6
3
2
0
2
0
1
3
3
6
3
0
0
0
0
2
0
0
7
3
2
0
0
0
1
2
0
0
0
0
1
3
9
6
7
5
0
0
8
11
8
1
5
0
0
1
3
0
3
0
1
0
4
2
9
0
5
3
9
8
0
1
4
0
2
0
0
0
3
2
1
0
5
2
0
0
2
0
4
0
1
0
0
0
9
6
2
0
1
3
8
5
1
0
4
0
5
2
2
0
1
0
1
0
1
0
3
1
5
2
1
1
0
0
0
0
0
0
1
0
3
0
2
0
11
14
2
0
2
0
0
1
0
2
1
1
5
1
2
4
3
0
3
0
2
0
1
0
0
0
6
1
1
0
2
0
3
0
2
0
0
0
0
0
1
1
2
0
0
1
7
6
2
0
0
0
0
1
1
0
0
1
0
1
1
2
3
1
3
0
9
13
1
0
3
0
1
0
0
0
1
0
2
1
4
0
0
0
0
0
0
0
0
0
0
0
5
5
2
0
0
0
0
4
1
2
0
2
1
2
3
6
3
3
3
0
4
0
4
2
6
0
0
0
6
0
5
0
5
0
3
3
6
0
1
0
11
15
0
0
3
0
1
0
0
0
1
3
0
3
5
8
6
3
2
2
