0
1
14
28
14
2
3
8
1
1
0
3
2
0
8
14
3
2
5
7
3
2
5
11
6
1
0
3
6
5
0
6
2
9
7
6
0
5
0
0
6
1
0
0
0
0
0
2
2
0
5
6
3
0
0
7
0
12
16
6
4
13
6
0
1
2
2
7
6
7
8
4
4
7
7
6
12
11
4
5
11
15
0
0
4
19
16
10
9
5
0
0
0
0
0
0
0
11
8
1
0
0
0
4
0
0
15
3
3
1
0
1
3
5
5
3
10
10
8
16
27
43
132
626
686
229
44
21
8
3
5
5
0
6
5
5
10
2
3
0
1
7
13
15
5
2
11
14
0
2
0
0
3
4
0
0
0
0
4
6
15
14
2
2
0
1
0
1
0
4
0
0
14
3
2
2
0
0
2
9
16
7
2
1
0
0
0
0
3
15
8
6
13
16
4
5
6
3
2
2
7
9
5
1
0
0
1
1
3
1
6
5
13
22
11
2
4
1
2
2
0
13
8
0
0
2
1
0
1
1
2
5
6
1
0
2
0
0
6
4
1
0
2
0
0
1
5
2
1
8
10
1
1
0
0
0
0
0
1
3
6
17
12
2
2
10
15
7
3
2
4
6
4
1
1
1
2
6
21
17
0
2
1
0
5
9
1
0
5
3
1
2
15
5
0
1
0
0
3
4
5
13
0
3
12
2
5
3
6
9
14
6
3
2
3
3
5
5
5
1
1
2
4
0
3
1
1
2
4
6
5
0
1
1
5
2
3
5
2
3
0
0
0
0
8
13
2
7
3
0
5
9
2
0
1
3
4
5
5
5
6
7
5
8
7
12
17
11
0
0
5
2
0
2
3
2
2
3
1
0
0
3
9
6
2
0
0
0
2
3
2
2
0
2
6
0
0
1
6
9
7
1
1
3
5
5
7
8
26
19
21
22
3
5
5
15
14
9
3
2
0
0
1
2
0
0
1
7
12
8
5
3
0
0
0
0
8
6
1
1
0
3
1
0
4
4
3
2
3
7
9
6
2
6
4
3
3
3
6
10
7
5
1
7
13
7
0
1
0
3
3
1
1
0
1
2
13
20
0
0
7
6
2
1
0
3
0
2
1
7
1
1
2
0
3
5
4
0
3
2
0
0
31
14
17
14
12
6
3
3
1
2
1
2
0
1
0
3
2
5
1
3
1
2
3
4
2
7
8
11
9
1
0
8
16
6
0
1
1
1
5
3
10
14
1
1
2
3
7
4
0
5
2
2
4
3
4
9
4
1
1
2
0
1
2
1
0
0
4
2
1
2
3
2
9
9
2
0
0
2
4
5
0
0
0
2
0
0
1
1
0
1
1
7
4
3
0
3
2
4
1
3
3
3
4
5
3
3
14
23
5
0
3
2
4
6
3
5
1
0
0
1
3
17
17
6
0
1
3
4
1
2
0
0
7
12
9
3
3
9
8
5
1
3
6
7
5
7
4
5
0
4
6
5
12
11
5
2
4
3
6
6
3
2
3
5
2
2
0
1
3
4
3
1
7
14
0
3
5
2
0
2
0
4
8
6
2
1
1
3
0
4
8
6
1
0
3
3
0
0
13
8
6
5
5
3
8
3
4
0
2
0
2
0
0
0
0
2
0
0
0
2
0
1
3
3
2
3
0
0
0
0
1
1
1
0
0
3
2
2
8
16
0
0
4
17
16
6
8
7
4
1
3
1
6
5
6
9
8
0
2
0
2
2
0
0
7
4
3
0
3
0
3
3
1
1
0
0
1
6
13
7
5
4
3
3
8
15
8
3
4
5
0
3
2
2
2
4
3
2
3
3
12
1
8
5
14
11
6
3
5
4
5
0
2
2
4
4
1
0
6
6
2
2
2
2
2
1
0
0
0
0
8
7
3
2
2
6
8
6
2
3
2
4
2
4
0
0
0
0
4
0
3
1
7
4
8
3
4
3
6
2
2
1
2
0
2
2
2
0
2
1
13
17
0
0
4
0
1
2
0
4
5
3
5
4
0
6
5
5
1
2
1
3
1
0
0
0
7
4
3
1
2
1
7
3
4
0
1
0
5
0
6
0
5
0
1
4
10
9
2
1
3
0
3
1
3
1
2
1
1
0
1
4
3
4
5
5
9
17
2
3
0
1
1
3
1
1
1
0
4
6
8
1
3
0
5
1
4
2
4
1
0
0
10
6
3
2
3
0
0
4
6
2
1
0
0
1
4
4
5
4
0
2
2
3
1
7
3
4
0
0
4
4
4
0
4
3
4
4
7
3
4
2
13
14
0
0
5
2
5
1
3
3
3
3
3
4
5
8
6
1
0
2
