2
0
18
27
19
1
3
6
2
2
0
2
2
1
5
14
0
4
4
8
1
1
0
8
3
1
0
6
4
1
1
4
2
9
7
5
0
2
0
0
10
1
0
0
4
1
3
0
6
0
8
6
4
0
2
5
1
8
16
8
4
11
6
0
0
0
0
7
4
7
5
6
3
8
3
8
9
10
4
5
12
13
0
3
7
19
16
9
7
6
1
0
2
0
1
0
0
13
13
1
2
0
4
4
0
0
15
5
0
0
0
0
0
3
2
1
4
5
4
6
24
25
20
42
175
723
673
196
30
18
14
6
4
7
5
3
11
2
8
2
3
9
15
13
7
3
15
15
1
0
0
0
2
5
0
0
0
0
0
2
14
13
0
1
0
0
0
2
0
2
0
0
10
4
1
1
0
5
4
12
15
9
1
1
2
0
0
0
4
16
28
6
16
17
9
7
8
0
1
0
11
8
2
1
0
0
3
0
0
2
5
6
7
21
6
2
1
1
0
3
0
13
3
1
0
2
3
3
1
5
4
7
5
1
2
0
0
0
8
2
4
0
5
1
2
4
8
2
1
8
12
1
0
0
0
0
0
0
0
1
6
15
9
0
0
10
11
7
0
2
0
4
4
4
0
2
3
6
20
20
0
2
2
1
4
7
3
0
7
4
3
6
15
5
1
0
2
1
3
5
2
12
0
0
11
2
1
1
4
7
8
3
2
1
0
3
0
4
2
1
1
6
2
4
2
4
3
4
4
8
8
2
1
0
4
1
5
5
7
4
3
0
2
1
11
14
4
8
4
0
4
5
0
0
0
3
2
2
0
0
4
3
5
4
2
13
15
12
0
0
4
4
1
5
0
4
2
3
2
0
0
4
11
6
4
1
3
3
3
2
5
1
2
3
7
1
0
2
4
8
5
0
1
1
1
2
2
3
6
15
19
18
2
2
3
14
15
10
1
4
0
1
2
3
0
0
0
8
13
9
5
0
4
0
0
0
12
4
4
0
4
2
2
1
2
1
3
0
2
7
9
4
1
4
1
0
0
1
9
9
7
1
0
4
11
8
2
2
2
7
4
3
3
3
3
5
14
20
0
0
11
6
6
0
0
0
1
0
3
7
5
1
1
0
3
4
5
0
1
1
0
0
16
10
12
11
9
4
0
1
4
2
1
4
0
1
0
4
3
9
5
6
2
4
7
7
5
6
12
13
14
1
5
11
18
3
1
1
8
2
5
2
8
13
4
1
3
3
5
0
1
4
0
0
2
2
3
5
0
1
2
3
1
2
3
3
0
0
7
4
4
8
4
3
8
10
2
2
5
4
7
5
3
0
1
3
3
2
3
1
0
0
2
6
2
1
0
0
1
2
0
3
0
3
4
2
0
2
15
26
3
5
2
4
5
5
2
6
3
4
0
2
5
16
20
7
6
1
9
4
4
0
0
0
9
13
11
1
1
8
7
2
1
2
7
7
4
3
4
4
1
1
3
6
11
12
3
4
0
7
5
8
1
4
4
8
3
2
0
1
5
5
4
3
12
14
3
3
7
2
4
2
3
5
8
7
5
2
1
0
0
3
9
5
1
1
1
1
0
0
9
8
5
5
0
4
1
4
2
2
0
3
1
4
1
1
0
1
1
0
1
3
4
3
5
2
4
3
3
2
4
0
3
0
1
0
0
4
4
4
11
13
0
0
4
17
12
4
5
8
0
1
1
4
5
7
2
12
5
2
1
2
0
6
0
0
8
4
3
1
4
0
6
4
4
1
3
0
4
5
13
6
7
3
1
2
8
12
6
1
3
1
0
1
1
0
1
0
0
1
2
7
9
7
3
10
10
16
4
7
5
6
5
1
0
2
6
5
3
1
6
5
2
0
6
3
3
2
0
0
0
0
9
5
3
2
0
4
7
5
1
0
1
0
2
4
0
0
0
3
1
2
0
3
1
7
8
6
1
6
4
4
1
0
3
1
2
3
5
0
5
0
15
16
5
2
7
1
1
1
0
2
1
1
3
2
1
4
2
1
2
0
0
2
1
2
0
0
5
8
0
4
3
1
1
4
3
2
0
1
1
0
6
2
5
2
2
2
10
8
4
2
1
2
2
3
2
1
1
2
0
1
2
2
1
3
5
4
11
15
1
2
1
3
0
2
0
4
1
3
3
7
6
3
1
3
2
1
3
1
4
1
0
0
11
8
6
1
3
2
4
6
5
0
1
1
1
2
3
5
4
4
1
1
1
1
2
7
3
2
0
0
1
3
1
5
5
4
3
6
5
7
2
5
11
16
0
0
5
1
4
1
2
2
5
2
4
2
7
8
8
1
1
0
