0
1
15
25
12
0
4
5
4
2
1
4
3
2
8
15
2
4
8
5
2
1
2
8
3
0
0
0
7
0
2
1
1
6
7
3
0
4
0
0
7
0
0
0
0
0
0
0
1
0
5
4
3
0
0
4
2
10
18
8
4
13
8
0
5
2
2
6
4
6
10
5
4
4
6
5
10
7
4
3
11
12
0
2
6
19
15
9
8
6
0
0
0
0
0
0
0
12
10
0
0
0
0
2
0
0
12
7
0
1
1
1
1
5
5
4
6
7
6
6
9
13
8
16
26
52
234
797
638
163
30
19
8
5
7
5
11
2
5
3
3
7
11
13
5
2
13
16
0
0
0
0
3
5
0
0
0
0
2
6
16
16
3
4
0
0
1
3
0
5
0
0
9
4
3
1
0
2
3
10
15
6
0
2
0
0
0
0
3
15
10
6
14
15
7
4
4
2
0
0
8
8
2
2
0
0
0
3
1
2
7
10
9
25
10
1
5
2
2
0
1
11
8
1
2
2
3
2
0
3
2
4
5
0
0
2
0
0
4
1
2
0
1
1
0
2
7
0
0
8
11
0
0
0
0
0
0
2
0
2
8
19
12
3
3
8
14
6
1
0
6
0
6
0
0
0
4
5
20
17
0
3
1
1
4
8
0
2
5
5
1
5
15
7
0
0
0
0
3
5
4
12
0
0
9
3
6
5
4
8
10
3
6
3
2
4
0
4
6
0
6
2
3
3
1
1
3
3
0
7
4
1
0
0
4
2
2
4
4
4
0
0
2
0
7
13
3
7
3
1
4
8
0
1
0
3
0
3
2
4
4
5
8
4
5
12
20
9
0
0
5
1
1
0
0
1
1
1
2
0
0
4
8
5
1
0
0
1
0
4
2
1
0
2
6
1
0
0
4
11
4
2
0
1
2
5
1
8
7
18
21
21
2
3
7
13
17
7
5
2
3
0
2
0
0
0
0
7
10
5
3
0
1
0
0
0
7
3
0
1
1
0
0
0
0
3
3
1
3
9
11
7
1
5
2
1
2
4
8
11
9
2
0
5
14
4
3
0
4
1
6
0
5
0
3
2
14
16
0
0
6
6
1
0
0
1
0
0
1
4
2
1
2
0
1
5
2
3
1
3
0
0
13
13
14
14
9
7
1
2
6
0
3
1
3
0
4
0
4
6
6
1
4
0
4
3
4
3
8
10
11
2
2
10
17
4
0
0
4
1
4
1
8
14
0
3
1
5
5
3
0
6
1
3
5
2
2
7
3
0
3
0
3
0
6
1
0
0
9
3
4
4
4
0
7
6
1
0
3
2
3
2
4
0
0
1
3
0
0
1
1
0
0
8
1
1
0
3
2
4
1
3
2
5
3
3
0
2
14
26
5
2
3
2
6
3
5
5
2
1
2
1
5
19
17
9
3
2
3
5
0
0
0
0
6
12
11
3
1
5
7
4
2
3
6
8
5
5
1
5
1
6
3
7
14
13
4
6
4
6
5
6
4
2
6
5
6
0
1
0
5
4
3
3
12
14
0
4
7
0
0
2
1
5
5
7
5
2
0
0
0
5
7
8
1
3
3
4
0
0
12
10
4
2
3
3
5
4
4
1
2
1
1
1
2
0
0
0
1
0
0
3
1
4
1
3
0
4
1
0
2
4
0
0
0
0
0
2
2
4
8
17
0
1
6
20
14
8
4
8
0
1
0
2
7
5
5
8
5
0
1
2
5
3
0
0
8
1
0
1
0
0
4
4
0
1
0
0
2
9
9
6
4
6
0
3
8
15
7
3
0
5
1
6
3
2
0
3
1
1
3
5
9
2
6
3
12
13
4
3
6
5
5
0
0
2
6
4
1
3
5
3
0
0
3
3
1
1
0
0
0
0
8
6
3
1
1
7
8
9
0
3
1
5
4
6
1
0
0
0
2
0
1
2
3
2
9
4
5
6
5
2
2
0
1
1
0
2
0
2
0
2
12
16
2
1
3
0
0
3
0
3
2
0
2
4
0
5
3
3
0
3
1
2
0
4
0
0
5
6
4
2
4
0
5
3
6
3
3
0
2
0
4
1
6
3
0
1
7
8
1
0
3
2
0
1
1
0
0
1
0
2
2
3
2
3
2
5
11
18
1
3
0
3
1
4
0
3
1
3
4
4
8
2
3
1
4
1
4
0
3
2
0
0
10
8
4
1
0
0
1
6
5
0
0
0
2
4
4
5
5
3
0
1
1
1
2
5
2
2
0
0
4
4
1
2
4
4
3
7
11
4
4
2
13
15
1
0
4
2
4
2
0
2
0
3
2
2
4
9
4
2
0
0
