0
1
16
27
14
0
3
6
0
1
0
3
0
1
5
15
0
2
0
7
0
0
0
7
0
0
0
0
2
0
0
3
0
6
4
5
0
1
0
0
4
0
0
0
1
0
0
0
2
1
7
6
1
0
1
6
0
12
17
7
0
14
4
1
0
1
0
8
0
5
2
2
0
5
1
4
6
6
2
0
9
13
0
0
2
19
12
5
7
5
0
0
0
0
0
0
0
9
9
1
0
0
2
3
0
0
15
6
0
1
0
2
0
3
0
0
2
3
0
4
1
9
1
4
7
23
30
52
280
853
610
141
24
22
9
3
11
3
6
2
2
11
13
13
5
2
12
14
0
2
0
0
4
7
0
1
0
0
0
9
13
16
0
2
0
0
0
0
0
2
0
0
9
2
0
0
0
1
0
12
14
7
0
0
0
0
0
0
3
14
13
6
15
15
9
5
5
2
0
1
6
10
2
6
0
0
0
1
0
2
1
8
6
22
5
0
0
0
0
0
0
8
2
0
0
2
0
0
0
4
2
5
3
0
1
2
0
0
6
0
0
0
3
2
1
2
6
1
0
10
8
2
0
0
0
1
0
2
0
4
1
18
6
2
0
6
8
4
0
0
0
0
4
0
0
0
2
5
18
16
0
0
1
0
3
7
2
0
6
5
1
5
14
6
0
0
0
1
1
5
1
14
0
0
7
5
0
6
0
9
8
2
0
0
0
0
0
2
0
0
0
3
2
0
1
2
2
3
3
8
6
0
2
1
4
2
3
7
3
2
0
0
0
0
6
14
2
10
1
2
1
8
0
1
0
5
0
4
0
2
0
4
2
3
2
12
10
8
0
0
3
2
0
0
0
1
0
0
3
0
0
4
8
6
3
1
0
2
0
2
3
2
0
3
2
0
0
2
4
9
2
5
0
3
0
6
2
7
4
18
18
18
0
2
1
12
12
6
0
1
0
0
1
0
0
0
0
7
11
7
4
0
0
0
0
0
9
5
1
1
0
1
0
1
0
2
0
2
0
8
9
8
0
6
0
1
0
3
5
11
3
2
0
4
9
5
0
0
0
2
1
0
0
0
2
1
13
19
0
1
6
4
0
0
0
1
0
0
2
6
2
0
0
0
2
2
0
1
0
2
0
2
11
14
10
14
4
6
0
2
0
3
0
1
0
0
0
2
0
6
2
2
0
1
4
3
3
3
9
11
9
3
2
11
13
2
0
3
0
0
1
1
5
13
0
0
0
3
4
3
0
8
0
3
0
3
0
8
0
1
0
1
0
2
1
3
0
0
6
4
2
3
1
0
7
7
1
1
0
4
2
4
0
0
0
3
0
1
0
0
0
0
1
6
0
0
0
3
0
1
0
2
1
5
0
4
0
3
12
26
2
4
0
4
4
3
1
6
2
1
0
0
3
18
14
6
0
2
3
6
1
0
0
0
2
12
6
2
0
6
4
1
0
2
4
6
2
4
0
6
0
3
2
7
6
12
1
3
1
5
0
6
0
2
1
6
3
0
0
0
1
2
1
2
11
14
1
3
5
1
0
2
0
5
6
7
2
1
0
0
0
4
5
4
0
1
0
2
0
0
6
7
2
6
0
4
2
8
1
2
0
3
0
0
2
0
0
1
0
0
1
2
4
4
1
1
2
1
3
1
1
1
0
0
0
0
0
3
0
2
10
15
0
0
2
16
13
5
3
7
0
1
0
3
3
10
0
10
5
1
0
4
0
5
0
0
4
4
0
1
2
0
3
2
0
0
2
1
2
5
13
7
4
3
0
2
5
13
6
2
0
2
0
0
0
0
0
0
0
2
0
7
7
7
2
6
7
15
0
8
0
7
0
1
0
0
3
4
3
0
3
4
2
3
3
4
4
0
0
0
0
0
7
6
3
0
0
5
6
5
0
2
0
0
1
3
0
0
0
1
0
0
0
6
0
5
5
9
2
8
0
4
0
3
0
2
2
4
2
0
0
0
13
16
3
2
6
1
5
1
0
3
3
0
2
3
0
1
1
3
0
0
0
0
0
2
0
0
5
6
0
3
0
2
3
7
0
4
0
2
0
2
0
3
1
1
1
2
6
8
0
2
3
0
1
1
2
0
1
0
0
0
1
3
2
3
0
2
8
15
2
0
0
1
0
1
0
3
0
3
2
7
2
4
0
3
0
1
0
0
0
6
0
0
5
7
3
0
1
1
5
6
3
1
3
0
1
2
4
6
3
3
0
1
1
0
0
4
0
1
0
0
1
0
2
4
1
5
0
7
3
5
1
6
9
16
0
1
0
3
0
1
0
0
0
4
0
1
7
8
5
1
0
0
