0
0
10
24
12
0
0
4
0
1
0
1
0
0
6
13
0
2
0
4
0
0
0
5
0
0
0
0
3
0
0
1
3
4
5
1
0
0
0
0
3
0
0
0
0
0
0
0
0
0
1
3
0
0
0
2
0
8
11
5
0
12
3
0
0
1
0
2
0
2
3
2
0
1
2
1
6
6
2
2
8
8
0
0
4
13
16
4
7
3
0
0
0
0
0
0
0
7
3
0
0
0
0
0
0
0
6
0
0
0
0
0
0
1
0
0
1
3
0
3
1
7
0
0
5
10
13
19
24
52
348
933
575
122
27
19
15
1
10
0
0
8
9
14
2
0
7
13
0
0
0
0
0
1
0
0
0
0
0
6
11
13
0
0
0
0
0
0
0
2
0
0
8
3
0
0
0
0
2
9
15
5
0
0
0
0
0
0
1
13
8
4
11
13
3
4
3
1
0
0
5
8
0
1
0
0
0
2
0
0
2
5
6
21
5
0
0
0
0
0
0
7
3
0
0
0
0
0
1
1
4
4
4
0
0
0
0
0
4
0
0
0
0
0
0
2
4
0
0
5
8
0
0
0
0
0
0
0
0
0
0
15
6
0
0
5
7
0
0
0
0
0
3
0
0
0
0
1
22
15
0
0
0
0
1
6
0
0
2
4
0
0
10
3
0
0
0
0
0
0
1
11
0
2
5
1
0
3
2
8
3
1
0
0
0
0
0
1
0
0
1
0
0
0
3
0
2
1
2
5
3
0
0
0
1
1
0
3
1
0
0
0
0
0
3
10
0
7
0
0
0
6
0
0
0
0
0
3
0
0
1
4
1
1
1
9
15
7
0
0
3
0
0
0
0
0
2
0
0
0
0
3
8
2
0
0
0
0
0
0
0
0
0
0
3
0
0
0
1
9
2
0
0
0
0
3
1
6
3
15
16
16
0
0
4
10
11
5
2
0
0
0
0
0
0
0
0
4
10
7
2
0
0
0
0
0
3
3
0
0
0
0
0
0
0
0
0
2
0
7
3
4
0
2
0
1
0
0
5
8
3
0
0
2
11
3
0
0
0
2
3
0
0
0
0
0
10
17
0
0
0
3
0
0
0
1
0
0
0
3
0
0
0
1
0
5
0
0
0
2
0
1
11
13
8
11
5
4
0
0
0
0
1
0
0
0
0
0
2
2
3
0
0
0
0
3
0
2
3
8
6
0
0
9
15
5
0
0
0
0
2
0
7
11
0
0
0
3
2
1
0
6
0
1
0
0
2
6
0
0
0
0
1
0
2
1
0
0
6
1
0
0
0
0
4
4
0
0
0
0
0
1
0
0
0
0
1
0
0
0
0
0
0
6
0
0
0
0
0
2
0
2
0
2
0
2
0
0
10
22
0
0
1
1
2
2
3
2
1
0
0
0
0
15
12
2
0
0
0
2
0
0
0
0
2
11
4
0
0
5
2
3
0
1
2
6
2
5
0
2
0
1
0
4
7
8
1
1
0
0
4
4
2
0
3
2
2
0
0
0
0
2
0
0
2
11
0
2
1
0
0
0
0
2
8
5
0
0
0
1
0
3
5
3
0
0
0
2
0
0
7
8
0
4
1
0
3
2
0
0
0
0
0
0
0
0
0
0
0
0
0
0
0
1
0
0
0
1
0
0
0
0
0
0
0
0
0
0
0
1
5
13
0
0
0
17
9
6
3
6
0
0
0
0
3
3
2
5
6
0
0
0
0
1
0
0
5
1
0
0
0
0
0
1
0
0
0
0
0
4
4
2
3
4
0
0
5
12
4
2
0
3
0
2
0
0
0
1
0
1
0
3
6
2
2
1
12
10
0
2
0
0
0
0
0
0
0
2
0
0
2
1
0
0
0
0
0
0
0
0
0
0
6
6
0
0
0
3
7
6
0
2
0
1
0
3
0
0
0
0
1
0
0
1
2
2
6
2
0
1
0
1
0
0
0
0
0
0
0
0
0
0
11
14
0
0
0
0
0
0
0
1
1
0
2
4
0
5
3
3
0
2
0
1
0
0
0
0
6
2
1
0
2
0
4
0
1
0
0
0
0
0
0
0
0
0
0
2
2
6
0
0
0
0
0
0
0
0
0
0
0
0
0
1
0
1
0
3
4
15
0
0
0
1
0
1
0
0
0
0
2
2
2
0
0
0
0
0
0
0
0
0
0
0
3
6
0
0
0
0
0
2
0
1
0
0
0
0
0
3
1
1
0
0
0
2
0
4
0
1
0
0
2
0
0
0
2
1
0
4
5
1
0
0
7
12
0
0
0
0
0
0
0
0
0
1
0
0
0
3
0
0
0
0
