0
0
9
25
7
0
0
2
0
0
0
0
0
0
3
10
0
0
0
1
0
0
0
3
0
0
0
0
1
0
0
3
0
4
5
2
0
2
0
0
1
0
0
0
0
0
0
0
0
0
2
3
0
0
0
3
0
8
13
2
0
8
0
0
0
0
0
2
0
0
3
0
0
0
1
0
6
5
0
0
10
10
0
0
0
17
11
8
3
6
0
0
0
0
0
0
0
10
5
0
0
0
0
1
0
0
9
3
0
0
0
0
0
0
0
0
0
2
0
0
3
6
0
0
2
7
9
8
2
18
29
65
423
998
568
114
31
22
10
6
2
11
10
15
2
2
9
14
0
0
0
0
0
2
0
0
0
0
0
3
10
9
0
0
0
0
0
0
0
1
0
0
10
2
3
0
0
0
3
10
14
6
0
1
0
1
0
0
2
15
7
7
9
16
1
6
1
0
0
0
2
7
0
0
0
0
0
0
0
0
0
3
5
17
4
0
0
0
0
0
0
7
4
0
0
0
1
0
0
3
0
6
2
1
0
5
0
0
2
4
0
0
0
3
0
1
1
0
0
6
7
0
0
0
0
0
0
0
0
0
2
14
8
0
0
6
8
2
0
0
0
0
1
0
0
0
2
5
17
16
0
3
0
2
0
10
0
3
1
5
0
3
9
4
0
0
0
0
0
2
0
10
0
0
7
0
0
0
0
2
6
0
0
0
0
0
0
1
0
0
0
0
1
0
0
1
0
3
0
9
1
1
0
1
0
3
0
4
0
2
0
0
0
0
6
10
0
6
0
0
0
3
0
0
0
1
1
0
0
0
2
2
2
1
2
9
14
5
0
0
3
0
0
3
0
0
0
0
0
0
0
5
4
5
0
0
0
0
0
2
0
0
0
1
2
0
0
0
0
6
3
0
0
0
0
0
3
2
6
13
19
13
0
0
1
9
11
7
0
0
0
0
0
0
0
0
0
7
7
8
1
0
0
0
0
0
6
1
0
0
0
0
0
0
0
0
0
0
0
6
7
4
0
1
1
0
0
0
7
5
4
0
0
1
13
3
0
0
0
4
1
1
0
0
0
4
9
17
0
0
1
5
0
0
0
0
0
0
0
3
0
0
0
0
0
0
0
0
0
0
0
0
15
7
13
9
7
1
0
0
2
0
0
0
0
0
0
0
0
5
1
4
0
0
0
3
0
5
5
11
3
2
0
8
13
1
0
0
2
0
1
0
5
9
0
0
0
0
1
0
0
1
0
0
0
0
2
1
1
0
0
0
0
0
1
0
0
0
3
3
0
3
0
0
6
9
0
0
0
4
0
5
0
0
0
0
0
0
0
0
0
0
0
3
0
0
0
0
0
0
0
0
2
0
0
0
0
0
12
19
3
0
0
0
1
0
0
3
0
0
0
0
0
17
14
7
0
2
1
5
0
0
0
0
2
9
7
0
0
3
4
2
0
1
3
3
1
0
2
0
0
0
1
2
9
5
1
0
1
2
3
1
0
0
0
2
0
0
0
0
0
4
0
1
8
12
0
4
2
0
0
1
0
3
5
3
0
0
0
0
0
1
4
1
0
0
1
0
0
0
8
1
2
0
0
0
2
0
0
0
0
0
0
0
0
0
0
0
0
2
0
1
0
2
0
2
0
3
0
1
0
1
0
0
0
0
0
0
2
0
7
10
0
0
2
13
12
1
3
2
0
0
0
0
3
1
0
6
1
0
0
0
0
0
0
0
3
1
0
0
0
0
0
3
0
0
0
0
0
6
5
1
3
1
0
0
5
10
8
0
1
0
0
0
0
0
0
0
0
0
0
0
8
0
1
2
6
9
0
1
0
1
0
0
0
0
0
2
0
1
0
5
0
0
0
3
0
1
0
0
0
0
7
3
0
0
0
0
7
3
0
0
2
0
1
0
0
0
0
0
0
0
0
0
0
2
5
1
0
2
0
1
0
0
0
0
0
0
0
0
0
1
7
18
0
1
0
0
0
1
0
3
0
0
0
0
0
0
0
0
0
0
0
0
0
0
0
0
5
0
0
0
0
0
1
0
0
0
0
0
0
0
0
1
0
0
0
1
2
6
0
1
0
0
0
0
0
0
0
0
0
0
0
0
0
0
0
1
11
12
0
0
0
0
1
0
0
0
0
0
0
0
3
0
0
0
0
0
0
0
0
0
0
0
1
5
0
0
0
0
0
4
0
1
0
0
0
1
0
4
0
0
0
0
0
0
0
1
1
0
0
0
2
0
1
0
1
0
0
0
1
0
0
0
5
11
0
0
0
0
0
0
0
0
0
2
0
3
0
6
1
0
0
0
