0
0
10
27
10
1
2
4
0
0
0
0
0
0
3
13
0
0
0
0
0
0
0
3
0
0
0
0
0
0
0
0
0
7
2
2
0
0
0
0
2
0
0
0
0
0
0
0
0
2
5
3
0
1
0
5
0
7
12
4
0
11
0
0
0
0
0
0
0
0
1
0
0
0
0
2
2
6
0
1
5
9
0
0
2
16
11
4
2
5
0
0
0
0
0
0
0
11
6
0
0
0
0
3
0
0
12
1
0
0
0
0
0
0
0
0
0
0
0
0
0
3
0
0
0
6
6
4
0
3
3
20
27
83
524
1053
504
93
28
19
4
11
12
16
5
2
12
17
0
0
2
0
3
1
0
0
0
0
0
3
11
11
0
0
0
0
0
0
0
0
0
0
6
2
0
0
0
0
0
8
10
5
0
0
0
0
0
0
0
13
8
5
12
15
3
6
5
4
0
0
7
6
1
0
0
0
0
0
0
0
1
4
5
17
2
0
0
0
0
0
0
8
0
0
0
0
0
0
0
3
0
4
2
0
0
1
0
0
2
3
0
0
0
2
0
4
4
2
0
7
7
0
0
0
0
0
0
0
0
0
1
15
6
0
0
3
5
0
0
0
0
0
0
0
0
0
0
3
19
15
0
1
0
0
0
6
0
2
2
5
0
4
10
4
0
0
0
0
2
4
4
11
0
1
6
0
0
0
1
6
5
0
0
0
0
0
0
3
0
0
0
0
0
0
0
0
0
2
0
6
0
0
0
1
0
2
0
5
0
3
0
0
0
0
5
14
0
8
2
0
3
4
0
0
0
0
0
0
0
1
0
1
0
1
0
8
14
6
0
0
4
0
0
0
0
0
0
0
0
0
0
4
5
4
0
0
0
0
0
4
2
5
1
4
5
0
0
0
5
9
4
0
0
0
0
2
0
2
5
12
14
16
0
0
1
11
11
3
0
0
0
0
0
0
0
0
0
5
8
4
1
0
0
0
0
0
5
6
0
0
3
1
1
0
1
2
1
1
1
7
8
6
0
1
0
0
0
0
3
6
1
0
0
3
8
2
0
0
0
2
0
0
0
0
0
0
9
14
0
0
3
3
0
0
0
2
0
2
2
5
3
1
0
0
2
4
3
0
0
0
0
0
13
9
9
8
5
0
0
0
0
0
0
0
0
0
0
1
1
3
1
1
0
0
0
0
0
2
4
8
5
0
0
9
16
3
1
0
3
0
3
3
9
12
1
0
0
0
2
0
0
1
0
0
0
0
0
1
0
0
0
0
0
0
0
0
0
0
4
0
0
2
0
0
4
4
0
0
1
0
1
4
1
0
0
1
2
1
0
2
0
0
1
5
0
0
0
0
0
0
0
0
0
0
0
0
0
0
7
19
0
0
0
0
0
2
0
3
0
0
0
0
1
14
12
3
0
0
1
5
0
1
0
0
4
10
11
2
0
6
6
0
0
0
5
3
2
1
0
0
0
0
1
1
5
7
0
0
0
0
1
2
0
0
0
1
0
0
0
0
0
2
1
1
5
14
0
2
0
0
0
1
0
6
8
6
2
0
0
0
0
0
5
1
0
0
0
0
0
0
5
4
0
1
0
0
0
0
0
0
0
0
0
0
0
0
0
0
0
0
0
1
0
0
0
2
0
3
0
1
2
0
0
0
0
0
0
0
1
0
5
11
0
0
1
14
9
2
1
1
0
0
0
0
0
2
0
2
1
0
0
0
0
0
0
0
4
1
0
0
0
0
0
4
0
0
0
0
0
4
10
3
4
1
0
0
5
8
3
0
0
0
0
0
0
0
0
0
0
0
0
1
4
0
0
3
5
9
0
2
0
0
0
1
0
1
0
2
0
0
3
4
0
0
0
1
0
0
1
0
0
0
6
1
0
0
0
1
4
2
0
0
0
0
0
1
0
0
0
0
0
0
0
0
0
1
0
2
0
3
0
1
0
0
0
0
0
1
0
1
0
1
11
17
0
0
3
0
0
2
0
0
1
0
0
1
0
2
0
0
0
0
0
0
0
0
0
0
3
1
0
0
0
0
1
1
0
0
0
0
0
1
0
2
1
1
0
5
7
10
0
0
2
0
0
0
0
0
0
0
0
0
0
0
0
0
0
0
3
12
0
0
0
0
0
0
0
0
0
0
0
1
0
0
0
0
0
1
0
0
0
1
0
0
4
7
2
0
0
0
1
3
2
0
1
0
0
0
0
3
1
0
0
0
0
0
0
0
0
0
0
0
0
0
0
0
0
0
0
3
1
1
0
1
6
13
0
0
0
3
0
1
0
4
0
3
0
2
2
5
3
0
0
0
