0
0
11
26
12
2
2
7
0
0
0
2
0
0
8
12
1
0
2
2
1
0
2
5
1
0
0
0
3
0
0
0
0
7
8
1
0
1
0
0
4
0
0
0
0
0
0
0
0
1
4
4
1
0
0
6
0
11
16
5
5
12
7
0
1
0
0
1
4
2
5
0
0
0
1
2
5
4
0
0
9
10
0
0
3
14
14
4
6
4
0
0
0
0
0
0
0
10
9
0
0
0
0
2
0
0
12
5
0
0
0
0
0
0
1
0
3
0
0
0
1
5
0
0
0
5
6
3
0
2
4
4
8
25
37
110
649
1088
451
76
29
25
17
19
9
2
8
16
2
2
0
2
4
5
0
0
1
0
3
2
16
11
0
0
0
0
0
0
0
0
0
0
7
2
0
0
0
0
1
8
14
5
0
0
0
0
0
0
3
17
8
7
13
16
3
7
5
1
1
2
6
9
3
3
0
0
3
0
2
0
5
4
9
19
8
0
0
0
0
0
0
7
3
0
0
0
0
0
0
2
3
5
1
0
0
1
0
0
5
2
0
0
0
0
0
4
3
1
0
10
9
1
0
0
0
0
0
0
3
0
6
14
12
0
0
5
10
1
0
0
0
0
6
0
0
0
1
3
17
15
0
0
0
0
3
6
0
0
3
5
0
4
14
7
0
0
0
0
2
6
5
12
0
1
10
0
5
0
7
4
8
0
3
0
0
0
0
1
0
0
0
2
1
0
0
0
3
2
1
7
3
0
0
0
3
2
1
2
1
4
0
2
0
1
7
12
2
11
3
2
6
7
1
0
0
0
4
0
1
0
0
1
3
2
3
10
15
5
0
0
2
0
0
1
0
0
0
0
0
0
0
2
7
5
0
0
0
1
1
4
2
2
0
2
7
1
0
1
6
10
6
0
0
0
2
1
4
2
7
11
18
16
1
0
1
11
11
6
2
0
0
0
0
0
0
0
0
4
9
6
2
1
0
0
0
0
5
5
0
0
1
0
0
0
1
3
2
2
3
7
9
6
3
4
1
0
2
0
5
4
4
0
0
2
9
2
0
0
0
1
1
0
0
0
0
0
10
16
0
0
4
3
0
0
0
0
0
0
1
4
1
1
0
0
2
4
5
0
2
0
0
0
15
11
13
10
8
3
0
0
0
0
0
0
0
0
0
0
1
3
2
0
2
0
0
2
1
3
5
9
7
0
2
7
14
4
0
0
3
0
4
0
7
12
0
1
1
3
7
2
0
5
1
1
2
0
1
4
0
0
0
0
0
0
1
0
0
0
4
0
0
0
0
0
3
6
0
0
0
0
3
3
0
0
0
0
0
0
0
0
0
0
1
4
2
0
1
2
1
2
2
1
1
4
1
0
1
0
11
20
1
0
0
0
4
0
0
2
2
0
0
0
1
13
13
6
0
0
1
3
1
0
0
0
2
9
8
0
1
8
6
3
0
2
7
5
6
5
2
0
0
0
6
2
8
6
0
0
0
1
0
1
0
0
1
1
0
0
0
0
0
0
0
0
5
11
0
2
3
0
0
0
0
4
6
5
1
2
0
0
0
3
8
4
2
2
3
0
0
0
10
3
4
0
0
0
1
1
0
0
0
0
0
0
0
0
0
0
0
0
0
0
0
0
1
0
0
0
0
0
0
0
0
0
0
0
0
2
1
2
8
14
0
0
4
17
14
2
5
3
0
0
0
0
5
3
0
3
4
0
0
0
0
0
0
0
4
3
0
0
0
0
2
2
0
0
0
0
0
3
6
6
3
4
0
2
7
12
6
2
1
0
1
0
1
0
1
0
0
0
1
1
7
0
1
3
7
9
0
0
1
0
0
0
0
0
0
0
0
0
2
2
0
0
0
2
0
0
0
0
0
0
7
5
1
0
1
5
7
5
0
0
0
0
1
0
1
0
0
0
0
0
0
0
0
1
3
2
0
0
0
0
0
0
0
0
0
0
2
1
0
0
9
13
0
0
1
0
0
0
0
2
0
1
3
2
0
2
5
2
0
0
0
0
0
0
0
0
4
0
0
0
0
0
4
0
0
0
0
0
0
0
0
0
0
0
1
1
5
7
1
0
0
0
0
0
0
0
0
0
0
0
1
2
2
1
3
3
7
15
2
0
0
0
0
0
0
0
0
0
1
3
1
0
0
0
0
0
0
0
0
0
0
0
5
4
0
0
0
0
0
1
0
0
0
0
0
0
2
6
2
3
0
0
1
1
4
3
3
0
0
0
2
0
2
0
3
0
0
2
5
0
0
1
9
12
0
0
0
0
0
0
0
0
0
0
0
1
1
2
1
0
0
0
