2
3
15
28
14
2
3
4
2
0
2
1
4
0
9
14
3
0
6
4
2
0
2
8
2
0
0
0
5
0
0
2
3
8
7
4
1
6
0
0
7
3
0
4
2
3
0
0
2
3
9
6
2
0
2
7
4
9
19
6
9
14
6
0
3
1
1
3
3
0
6
1
3
4
4
2
11
7
3
2
10
11
0
3
6
20
16
8
7
8
0
1
0
2
0
0
0
12
8
0
1
0
3
3
0
0
19
4
2
0
1
0
2
0
3
0
4
1
4
0
5
8
0
0
3
8
8
4
0
2
5
5
5
9
18
28
49
135
761
1119
415
77
38
31
27
5
18
16
2
0
2
0
5
4
0
0
0
0
2
4
17
13
3
0
1
0
0
0
0
0
0
0
10
0
2
1
0
2
1
12
15
9
0
1
0
2
0
0
3
17
26
6
17
14
7
5
6
2
1
0
8
7
5
1
4
0
4
0
3
1
9
4
10
21
7
0
1
0
0
0
0
8
6
1
0
0
1
2
0
6
3
6
5
3
1
4
0
0
6
1
0
0
4
1
1
3
10
0
2
7
14
0
0
0
0
0
1
0
2
0
5
15
9
0
0
7
11
4
0
0
1
1
5
1
0
1
2
9
19
20
0
4
2
4
4
10
2
2
4
5
1
4
15
6
1
0
5
0
7
4
7
14
0
0
12
1
2
1
3
5
7
1
1
0
1
2
0
3
2
0
2
1
3
3
3
3
1
5
1
12
7
2
0
3
4
5
3
8
3
5
0
0
4
0
10
12
7
9
6
0
4
5
0
0
0
0
2
0
1
2
0
3
4
4
3
10
17
8
0
0
5
3
0
4
2
5
2
2
4
2
0
7
11
8
0
2
1
3
3
3
6
2
3
3
9
4
3
2
5
8
4
2
4
2
1
3
3
2
6
14
20
18
1
1
4
13
14
6
4
2
0
0
1
1
0
2
0
9
13
9
6
3
0
2
0
0
9
7
5
0
8
1
6
2
6
2
4
0
2
7
10
5
0
3
2
0
1
0
7
8
6
1
0
4
12
5
1
1
1
4
5
1
3
2
4
6
13
20
0
3
8
9
3
2
0
0
4
0
4
4
8
2
2
0
4
4
4
0
2
0
0
0
16
10
12
12
8
4
0
1
2
0
0
0
1
1
0
4
2
5
3
4
3
0
0
7
6
5
9
12
11
4
4
12
17
3
3
1
6
0
9
1
11
13
6
0
4
1
5
1
0
1
1
0
1
0
3
8
0
0
0
0
0
0
3
0
0
0
4
6
3
6
3
2
8
8
1
3
3
2
5
4
4
0
2
1
6
0
3
0
1
0
4
5
4
0
0
1
0
1
2
2
2
2
2
0
0
0
13
22
3
1
1
3
3
5
2
6
3
3
0
3
2
18
16
7
2
2
5
5
3
1
0
0
8
11
11
0
4
6
8
4
2
1
6
6
4
2
4
3
0
2
4
5
10
8
0
1
1
6
4
5
2
1
3
6
4
2
0
2
4
5
2
4
10
15
0
4
6
0
3
1
2
4
10
7
4
3
1
0
0
1
9
4
2
0
3
1
0
0
9
6
3
2
0
1
3
4
0
0
1
0
0
3
2
1
0
3
0
1
1
4
3
3
3
1
5
3
4
1
6
0
4
0
2
0
1
2
6
0
9
13
0
0
4
14
12
4
6
2
0
0
0
1
3
4
2
7
3
0
1
1
0
5
0
0
7
6
0
2
4
2
4
5
3
0
2
0
4
7
12
5
9
2
4
1
9
12
7
1
1
0
0
1
2
0
0
1
1
1
0
4
8
1
2
4
8
14
2
4
1
5
4
2
0
2
5
5
3
3
6
6
4
0
5
5
6
0
3
0
0
0
8
4
4
0
1
4
6
3
1
0
1
0
1
2
0
0
0
0
0
0
0
1
2
4
5
6
3
4
1
4
1
1
0
1
2
4
2
0
2
0
15
16
2
0
4
0
2
1
0
2
2
0
3
1
0
0
5
1
0
0
0
2
0
0
0
0
6
3
0
0
2
0
4
4
3
2
0
1
0
1
5
4
4
4
2
5
9
8
3
0
6
2
0
0
3
0
2
1
0
0
0
0
1
1
2
1
12
17
0
0
0
0
0
1
0
2
0
0
3
4
5
2
0
2
0
4
2
1
2
5
0
0
8
10
5
3
3
1
4
6
6
2
4
0
2
4
5
7
5
1
2
0
3
1
1
4
3
1
0
0
3
3
2
3
3
1
2
4
4
4
2
4
11
17
1
0
2
3
3
4
1
3
2
4
4
4
7
7
7
2
4
0
