0
0
30
28
17
4
4
7
3
3
2
3
4
1
11
15
3
4
4
6
4
1
1
8
3
0
0
0
6
0
0
4
0
7
6
3
0
3
0
0
6
0
0
0
2
0
1
1
4
0
6
4
5
0
1
7
3
12
20
7
6
13
7
1
0
2
2
4
2
7
6
1
2
4
4
3
8
6
2
4
11
11
0
0
6
20
18
8
8
7
0
0
1
0
0
0
0
11
8
0
0
0
1
6
0
0
16
7
2
1
1
2
0
4
4
2
4
3
3
3
4
8
0
0
4
7
11
3
0
1
4
3
0
4
8
8
24
28
50
173
894
1145
396
71
53
21
16
19
5
1
0
1
5
5
0
0
0
1
2
8
16
16
4
3
2
0
1
0
0
0
0
0
8
2
3
1
0
0
2
9
15
7
0
0
0
0
0
0
3
15
27
6
16
15
8
3
3
2
0
3
5
9
2
3
1
0
3
3
3
2
7
5
10
20
10
0
1
0
0
0
0
8
4
0
0
1
2
0
1
4
4
6
4
0
0
0
0
0
8
1
0
0
2
1
0
4
6
1
2
9
11
2
0
0
0
0
0
4
1
0
6
16
11
0
1
3
8
3
0
0
0
1
4
0
0
0
2
6
18
18
0
1
1
0
4
7
3
0
4
4
0
4
12
6
0
2
0
2
5
5
6
16
0
2
8
3
4
3
5
8
10
1
3
1
1
0
0
3
2
0
0
4
2
1
1
1
4
5
0
8
6
1
2
2
4
4
3
5
4
5
0
2
2
4
7
14
5
10
7
3
5
8
2
2
2
3
7
3
2
2
5
1
5
4
4
12
16
9
0
0
5
2
3
1
2
2
1
0
1
0
0
5
11
7
5
0
0
0
0
5
3
4
0
6
9
4
1
4
7
13
9
4
5
4
4
4
6
4
7
16
20
16
1
0
5
12
15
5
3
2
0
0
2
0
0
0
0
4
12
9
6
2
0
0
0
0
7
6
3
3
3
1
3
3
3
5
4
4
7
11
13
8
2
5
5
0
2
2
5
8
5
2
0
5
13
8
0
0
0
4
2
0
2
1
0
2
15
19
0
1
5
8
0
0
0
3
1
1
4
9
3
3
5
4
5
7
5
3
3
5
0
3
31
10
18
12
9
4
1
1
1
0
1
0
0
0
0
2
3
7
3
1
4
0
3
3
0
5
8
11
10
2
1
12
15
5
1
2
1
0
6
4
12
14
6
3
5
4
6
2
1
4
2
0
1
0
2
6
1
1
1
0
0
0
4
2
0
0
6
2
1
1
1
1
7
9
0
2
2
1
4
6
3
2
0
4
5
3
2
4
3
3
4
8
4
1
1
2
4
3
3
0
3
3
1
0
0
0
15
23
4
0
0
0
6
3
1
3
0
0
1
0
3
16
17
5
0
1
1
5
4
3
0
0
8
14
12
6
3
8
9
5
4
2
9
9
9
3
7
4
1
0
4
2
12
9
1
1
2
5
3
4
2
2
4
4
2
0
0
0
3
2
1
2
8
14
1
6
4
1
0
2
0
7
7
9
7
2
2
4
1
5
11
8
4
0
5
3
0
0
13
5
5
3
0
1
5
2
2
3
0
0
0
0
0
0
0
2
0
0
0
0
2
2
4
2
1
3
0
0
1
2
2
4
0
2
1
5
3
5
13
16
0
0
11
18
14
3
8
4
1
0
0
1
4
2
0
7
7
0
1
0
0
0
0
0
5
5
0
0
0
0
3
4
0
0
0
0
1
7
11
8
6
9
1
4
10
14
9
6
5
4
3
5
4
1
2
0
1
1
0
4
9
2
3
5
11
12
3
5
3
2
2
0
0
2
3
5
1
3
3
5
0
1
2
3
2
1
0
1
0
0
8
9
4
3
4
5
10
9
3
4
5
2
3
5
1
0
0
0
4
0
0
2
4
6
6
4
2
5
3
3
1
3
0
0
2
2
3
1
3
4
13
18
3
0
3
3
4
4
0
6
4
3
7
5
2
6
5
5
4
2
1
1
3
4
0
0
6
5
2
3
1
0
2
3
0
1
0
1
1
3
4
2
4
1
2
6
10
9
0
2
3
2
1
4
3
3
4
4
1
3
6
5
8
6
6
8
13
17
6
3
2
2
1
1
1
0
0
1
3
5
4
1
2
2
0
0
2
2
2
2
0
0
5
6
4
2
2
1
2
4
6
4
0
4
4
7
6
9
5
5
3
4
5
6
6
8
6
3
0
0
4
1
4
0
3
2
2
6
8
4
3
3
10
15
0
1
2
1
1
1
0
4
0
4
1
2
4
9
3
3
2
2
