1
2
14
28
14
5
3
6
0
0
0
2
0
0
6
11
0
0
3
4
2
0
2
8
3
0
2
0
8
1
4
7
5
9
15
21
24
56
117
540
1076
621
165
36
15
9
2
5
4
5
6
8
6
2
0
9
2
13
16
5
4
14
5
1
0
0
1
5
2
5
6
0
3
4
6
5
10
7
7
5
11
12
0
0
6
19
15
9
8
9
0
0
0
1
0
1
0
15
8
0
0
3
2
4
0
0
15
4
0
0
0
0
0
1
0
0
5
4
4
1
6
7
0
0
5
6
10
3
1
0
4
2
0
3
4
2
8
3
4
1
0
11
10
18
5
4
7
17
0
0
0
0
2
4
0
0
0
0
1
6
15
12
0
0
0
0
0
1
0
0
0
0
12
1
5
0
0
0
5
10
17
8
0
2
0
0
0
0
2
21
8
8
14
18
4
9
6
3
0
3
6
7
2
1
0
0
0
0
0
2
3
6
11
21
9
0
1
0
0
0
1
12
8
0
2
2
2
0
2
6
4
9
4
3
0
4
0
0
4
4
0
1
0
2
0
2
7
3
1
5
8
0
0
0
0
0
0
0
0
0
5
17
12
2
3
5
13
2
5
0
1
1
5
1
3
0
2
7
21
18
0
4
3
2
6
11
1
3
3
6
1
4
14
5
0
1
0
1
4
1
5
11
0
3
8
1
3
2
4
8
13
3
5
0
2
1
4
2
4
0
3
1
4
0
7
5
5
6
2
10
4
2
3
6
2
5
5
7
3
3
0
1
1
0
8
13
0
9
3
0
7
6
0
0
0
0
2
1
3
1
4
2
7
3
7
10
19
7
0
0
7
3
3
4
1
2
3
4
1
3
0
9
7
8
3
1
0
1
0
6
3
5
1
2
5
3
0
0
7
9
6
1
1
1
2
5
5
5
24
15
20
17
5
1
24
14
17
5
6
0
3
1
4
3
2
2
0
8
12
11
5
4
0
3
0
0
7
7
1
2
1
0
2
1
0
2
2
1
2
8
9
5
0
1
0
1
2
0
9
5
7
1
1
3
16
4
4
0
2
2
5
1
3
1
3
3
13
21
0
5
8
7
0
0
0
4
0
1
2
5
3
0
0
1
4
1
3
0
1
4
0
0
13
10
13
9
7
4
4
2
4
0
3
0
3
0
4
2
7
5
4
5
5
1
5
5
4
8
7
12
9
1
1
11
15
6
0
1
1
0
6
3
9
11
3
0
1
0
2
0
0
4
0
0
4
0
6
7
2
0
4
0
1
0
6
1
0
0
5
2
4
6
4
3
8
11
2
3
0
2
4
7
1
1
0
3
3
0
1
1
0
0
3
5
2
0
0
0
2
2
0
0
2
1
4
2
0
0
17
24
4
1
3
3
7
3
3
4
1
1
0
2
1
19
19
10
0
3
5
7
3
3
0
0
8
14
7
2
2
8
6
2
1
1
5
6
4
6
3
1
1
1
6
5
9
8
5
1
5
3
7
5
4
2
4
4
3
1
1
3
1
6
1
5
9
16
0
7
7
2
0
3
0
6
7
7
4
1
1
2
0
3
8
5
1
1
1
0
0
0
11
7
5
3
3
1
4
3
3
1
3
0
2
3
1
1
0
1
0
3
0
3
0
5
3
4
0
4
0
3
3
2
0
2
0
0
0
3
0
3
10
15
0
0
6
16
14
5
6
5
0
1
2
1
6
4
5
7
10
2
3
1
3
3
0
0
10
5
2
2
1
3
3
7
3
5
0
2
2
9
12
9
5
5
0
3
8
11
8
3
4
1
2
1
4
0
1
0
3
1
1
5
10
2
6
6
14
12
5
6
6
3
6
0
0
3
5
4
3
3
6
6
0
1
2
6
2
4
2
3
0
0
9
8
2
0
1
4
8
5
2
2
2
0
0
1
0
0
0
0
0
0
4
0
5
4
9
4
4
3
4
2
4
2
2
0
2
3
1
3
2
5
13
20
4
3
4
3
0
3
0
4
1
4
3
5
3
4
4
2
3
0
0
0
2
0
0
0
8
4
2
2
4
1
6
4
4
0
2
0
2
1
3
3
3
2
1
4
9
11
1
3
2
5
0
3
0
2
0
4
2
2
4
3
4
2
3
2
8
14
2
0
0
0
1
0
1
0
2
2
5
4
8
2
2
0
4
2
4
0
2
2
0
0
7
10
4
3
2
1
2
5
5
6
3
6
0
6
5
7
4
3
2
2
3
2
2
4
2
2
0
0
4
1
4
1
6
1
3
6
11
3
6
1
13
14
2
0
4
0
1
1
0
4
2
3
2
6
4
8
4
4
1
3
