2
4
31
27
17
3
2
4
1
1
0
4
0
0
10
13
0
3
1
3
3
0
0
7
2
0
0
2
4
1
1
8
1
10
10
8
0
7
0
0
7
3
0
3
4
1
3
3
6
2
8
6
3
1
0
5
2
10
18
7
4
12
8
0
0
0
0
5
2
3
4
3
0
4
4
6
9
8
3
5
12
15
0
1
25
23
18
11
10
10
2
0
2
2
1
0
2
13
12
1
0
0
3
3
0
0
16
5
0
0
0
0
0
1
0
0
3
2
0
1
3
8
0
0
3
7
9
4
0
2
5
6
3
6
7
8
16
11
27
35
52
235
1032
1168
354
56
41
28
7
6
4
0
6
5
0
0
0
0
1
6
15
12
0
1
0
0
0
1
0
2
0
0
10
4
0
0
0
3
3
13
17
10
0
3
1
1
0
0
6
18
15
9
15
14
9
8
7
1
0
1
7
8
2
2
0
1
1
1
0
1
4
5
10
19
8
0
0
0
0
0
0
11
4
1
0
2
2
3
2
4
4
10
7
1
2
3
0
0
11
2
3
0
3
0
1
3
8
2
1
6
11
0
0
0
0
0
0
0
0
0
4
15
10
0
0
6
13
4
1
2
1
3
5
3
0
3
2
8
21
19
0
5
3
2
6
8
5
3
8
4
1
4
17
5
3
0
0
0
3
1
4
13
0
3
8
1
2
4
2
4
11
2
0
0
0
2
0
3
3
2
3
5
1
1
4
5
4
8
2
11
8
2
2
2
4
3
4
4
7
4
0
0
3
1
10
15
6
6
3
2
4
5
0
0
0
1
3
1
0
1
0
3
5
4
2
14
16
10
0
0
3
3
0
6
0
2
1
2
4
2
2
4
12
6
7
0
1
0
3
3
4
3
2
4
7
0
1
2
6
11
6
1
3
0
0
4
3
5
24
16
17
18
1
3
4
16
13
10
2
5
1
4
0
3
0
2
0
6
14
10
8
3
1
0
0
0
9
7
6
3
5
2
5
2
3
3
2
2
4
9
9
6
1
4
0
2
1
1
6
7
6
2
0
7
13
7
1
0
0
6
4
3
1
3
1
5
11
20
0
4
9
4
2
0
1
2
1
2
4
6
7
1
4
2
4
3
3
0
0
1
0
0
16
12
10
11
8
4
2
2
2
0
0
0
0
1
0
4
5
9
4
4
3
4
3
8
5
9
11
11
13
2
6
11
19
4
3
2
8
2
5
2
12
14
1
1
2
1
5
2
0
4
0
0
3
0
4
5
1
0
0
1
1
0
3
3
0
0
6
7
4
8
4
6
6
10
4
2
4
3
5
4
7
1
1
3
5
2
0
1
1
1
3
6
1
0
0
0
1
1
2
1
0
2
3
2
2
0
12
24
1
0
1
3
6
5
2
9
2
3
0
3
5
21
17
8
1
3
5
8
6
3
0
0
10
13
12
2
4
8
10
4
1
1
8
8
5
4
4
1
0
0
5
6
7
9
1
1
2
3
3
5
3
2
2
4
4
1
0
1
3
5
2
6
11
17
1
6
7
4
3
3
2
7
10
8
3
0
2
0
0
3
7
4
1
0
3
1
0
0
10
7
4
3
0
2
2
2
2
3
0
1
2
1
0
0
0
2
0
3
3
4
2
3
5
4
5
6
2
4
6
3
4
3
1
1
0
1
2
2
13
14
0
0
4
13
13
4
2
3
1
0
0
0
6
6
2
7
5
0
1
0
0
1
0
0
7
6
0
1
2
0
4
7
4
2
2
2
3
9
13
9
11
7
3
3
5
12
7
2
3
0
0
3
3
1
0
1
1
0
1
2
8
3
3
5
12
12
2
5
1
5
4
2
0
3
5
4
1
3
7
7
2
4
5
6
4
2
3
3
0
0
11
2
3
0
2
4
9
7
1
0
1
0
1
2
0
0
0
0
0
0
0
2
1
4
5
6
1
4
1
3
3
3
3
3
2
5
2
3
4
4
17
19
4
1
7
2
3
4
1
4
4
0
2
4
1
4
1
1
0
0
2
0
1
0
0
0
5
4
1
2
1
1
3
4
2
2
0
2
0
4
0
5
2
1
4
7
9
10
5
3
6
2
4
2
6
2
3
0
0
0
4
2
3
2
2
3
12
17
2
0
0
0
3
1
0
0
0
0
4
5
5
1
2
0
1
3
2
2
1
5
0
0
12
12
6
4
4
3
3
7
8
5
4
1
4
4
6
3
6
2
1
0
5
0
2
3
4
0
0
0
5
1
3
3
3
0
2
7
8
3
4
2
12
16
0
0
4
2
2
2
3
6
5
6
5
5
8
10
8
5
3
2
