0
2
12
30
14
4
4
6
0
1
1
1
0
0
4
13
0
0
0
4
0
0
0
7
0
0
0
1
0
0
0
2
0
7
8
4
0
5
0
0
5
2
0
3
0
1
0
1
2
6
5
9
3
1
2
7
1
10
18
4
4
14
4
0
0
0
0
4
1
2
4
1
0
2
2
6
5
6
1
2
9
13
0
0
5
20
14
8
5
8
0
0
0
2
0
1
0
13
10
3
1
1
4
1
0
0
16
5
1
0
0
0
0
2
0
0
0
2
0
0
0
4
0
0
0
7
6
3
0
2
2
0
0
3
2
4
8
8
25
8
23
45
67
303
1157
1146
317
67
34
15
6
7
9
7
0
0
4
0
2
7
15
13
0
0
0
0
0
0
0
0
0
0
7
0
0
0
0
0
0
11
13
6
0
0
0
0
0
0
6
15
11
8
13
19
5
10
5
4
0
2
8
10
6
4
1
0
3
1
0
1
4
4
10
19
5
0
0
0
0
0
0
11
2
0
0
1
0
0
0
5
4
7
3
3
0
3
0
0
4
5
0
2
2
5
1
6
6
2
1
10
13
0
1
0
0
0
0
0
1
1
7
15
7
0
0
5
11
3
0
0
0
0
3
0
0
2
2
5
17
17
0
5
3
3
3
10
1
3
5
9
0
8
13
8
0
0
2
0
3
3
8
13
0
0
9
0
2
3
2
6
8
2
3
0
0
0
0
3
0
0
0
2
1
2
1
2
0
4
1
9
4
3
0
2
2
5
1
7
3
7
0
1
2
1
10
13
4
8
2
1
5
7
2
0
0
2
2
0
0
2
0
5
1
3
1
10
13
10
0
0
3
2
2
2
0
1
0
2
1
1
0
6
9
8
1
3
0
5
1
8
4
4
0
5
6
4
0
1
5
9
5
0
6
1
3
3
3
4
5
17
20
18
0
2
0
13
15
7
1
3
0
0
2
1
0
1
0
6
14
10
5
1
0
2
0
0
8
9
0
5
1
3
3
3
1
3
4
0
2
6
12
4
1
3
4
0
3
1
6
7
4
1
0
2
13
5
0
0
0
3
2
0
0
0
2
3
11
19
0
1
7
7
1
2
0
2
0
2
2
8
4
5
2
1
4
5
7
0
4
1
0
0
16
9
16
12
7
4
0
0
0
0
0
2
0
0
0
1
4
6
2
2
0
0
2
3
0
5
8
11
10
4
2
11
16
5
2
3
3
2
6
3
10
12
2
0
4
3
8
1
0
2
2
0
3
0
1
5
0
0
1
0
0
0
0
0
0
0
3
2
2
4
0
0
8
10
1
1
2
4
3
7
1
1
0
3
2
0
0
2
2
0
4
4
6
0
4
0
2
1
2
2
2
3
0
0
0
0
14
23
3
1
1
2
1
1
1
7
0
2
0
1
3
17
16
8
0
3
3
7
2
2
0
0
7
14
12
2
3
7
10
1
4
1
10
6
8
3
5
2
0
2
2
4
7
8
2
1
2
3
3
5
1
0
2
5
0
4
0
2
0
5
1
4
8
16
0
6
6
1
0
3
0
6
9
7
6
0
3
0
3
3
10
3
3
0
3
0
0
0
10
6
2
1
1
1
0
2
1
1
0
0
0
2
0
0
0
2
0
2
0
4
0
4
1
5
1
4
1
0
1
3
1
0
0
0
1
1
4
2
14
14
0
0
7
17
14
4
6
4
0
0
0
0
4
6
0
7
3
0
0
1
0
3
0
0
6
6
0
4
0
3
1
7
0
4
0
3
0
9
8
8
7
4
1
2
8
10
11
1
5
4
3
3
4
1
0
0
0
0
0
3
7
3
3
5
5
11
1
5
4
3
3
1
0
4
0
6
1
5
3
7
0
3
0
7
2
3
0
0
0
0
10
5
5
0
2
4
10
5
2
2
4
2
3
4
0
0
0
2
0
1
0
3
0
2
5
5
1
6
3
2
0
0
0
1
1
6
2
4
0
3
12
22
0
4
1
2
0
3
0
3
6
3
4
3
2
2
6
2
3
0
0
1
0
0
0
0
6
6
0
3
2
1
4
7
0
0
0
0
0
0
2
4
2
3
0
6
5
11
0
4
2
3
0
4
2
2
2
2
2
2
2
2
4
1
5
2
10
12
1
0
0
0
0
2
0
1
0
0
3
6
4
3
0
0
0
0
0
1
0
3
0
0
5
10
3
4
2
4
2
8
2
5
0
3
1
5
6
10
4
2
1
0
3
3
2
4
4
1
0
0
3
2
0
2
0
0
0
5
4
5
3
4
10
14
0
0
0
3
0
5
0
4
0
4
0
6
3
11
4
4
0
2
