0
0
10
23
12
0
0
5
0
0
0
0
0
0
8
12
1
0
0
3
0
0
0
8
0
0
0
2
1
1
0
2
0
6
5
2
0
2
0
0
1
0
0
0
0
0
0
0
0
0
3
1
1
0
0
4
0
9
15
2
3
13
3
0
0
0
0
3
0
3
5
2
0
6
0
4
5
11
0
5
9
10
0
0
2
18
11
7
6
5
0
0
0
0
0
0
0
7
6
0
0
0
0
0
0
0
13
4
0
0
0
0
0
0
0
0
1
1
0
0
0
9
0
0
0
8
4
3
0
0
0
0
0
1
2
2
6
0
3
1
4
14
37
51
64
372
1313
1125
262
44
30
11
4
9
1
0
0
0
3
5
15
14
2
0
0
0
1
1
0
1
0
0
8
4
0
2
0
1
3
10
12
5
0
2
0
0
0
0
2
14
8
6
13
13
2
5
4
2
0
0
7
7
0
0
0
0
1
0
0
0
4
3
7
19
8
0
1
0
0
0
0
11
2
1
0
0
0
0
0
3
1
2
3
0
0
1
0
0
6
1
0
0
0
0
0
1
3
0
0
5
11
0
0
0
0
0
0
0
0
0
5
13
10
0
0
6
9
4
0
1
0
3
0
1
0
0
0
6
17
15
0
0
0
0
1
6
0
0
2
2
0
3
12
3
0
0
0
0
0
3
5
10
0
0
7
0
2
1
2
6
8
0
0
0
0
0
0
4
0
1
0
0
0
1
0
1
0
3
0
8
3
0
0
0
0
1
0
3
1
1
0
0
0
0
3
11
0
5
1
0
5
5
0
0
0
0
4
0
0
0
0
1
2
3
3
13
15
10
0
0
2
1
0
2
0
1
0
0
0
0
0
5
5
5
0
0
0
0
0
2
0
0
0
0
5
0
0
0
2
5
5
0
1
0
1
1
3
3
4
14
15
17
0
0
2
13
11
7
0
3
0
0
0
1
0
0
0
5
6
6
2
0
0
0
0
0
7
5
0
0
0
0
1
0
0
0
1
0
0
5
11
5
1
1
2
0
0
0
4
5
2
0
0
2
10
4
0
0
0
3
0
1
0
0
0
2
10
18
0
0
3
3
0
0
0
1
0
0
1
2
1
0
0
0
1
2
4
0
0
0
0
0
12
8
9
7
4
1
0
0
0
2
0
1
0
0
0
1
0
7
1
2
0
0
0
4
0
3
4
8
7
1
0
10
13
3
0
0
2
0
2
1
10
10
3
0
0
0
5
0
0
2
0
2
1
0
0
7
0
0
0
1
0
0
2
3
0
0
3
2
0
3
0
1
4
7
0
0
0
0
0
2
0
0
0
0
0
0
0
0
0
0
2
5
1
0
0
0
0
0
1
0
0
1
0
2
0
2
12
23
0
1
0
2
3
5
0
6
0
1
0
0
1
13
14
5
0
0
1
3
1
0
0
0
6
10
9
0
2
5
7
3
1
1
4
4
4
0
1
0
0
0
2
4
5
10
0
3
0
3
3
6
0
3
1
4
0
0
0
0
0
2
0
2
3
12
0
0
1
0
0
0
0
1
7
5
4
0
1
0
0
1
9
2
0
0
0
0
0
0
7
8
2
2
0
2
0
2
0
3
0
1
0
1
0
0
0
0
0
0
0
1
0
0
0
0
0
2
0
0
1
0
1
0
0
0
0
0
3
0
9
12
0
0
2
14
10
4
2
5
0
0
0
0
0
5
0
6
2
0
0
0
0
1
0
0
6
2
0
0
0
0
0
2
0
0
0
0
0
2
8
5
8
2
2
0
6
9
7
1
0
0
0
0
0
0
0
0
0
2
0
5
6
2
0
6
6
12
0
2
0
0
1
0
0
1
2
2
0
0
2
3
0
0
1
3
0
0
0
0
0
0
10
3
3
0
1
2
8
5
0
1
0
0
0
5
0
0
0
0
0
0
0
2
0
4
2
1
0
2
0
0
0
0
0
0
0
0
0
0
0
0
14
14
0
0
2
0
0
1
0
1
3
0
2
2
1
2
3
0
0
0
0
0
0
2
0
0
3
3
0
2
0
0
2
3
0
0
0
0
0
0
0
0
0
0
0
2
6
7
0
0
2
0
0
0
3
0
1
0
0
0
2
0
2
2
0
1
5
14
0
0
0
0
0
2
0
0
0
1
1
4
1
0
0
0
0
0
0
0
0
0
0
0
6
6
3
1
2
0
1
3
5
0
1
0
1
1
2
3
2
2
0
0
0
1
0
2
1
0
0
0
0
4
0
2
0
1
2
4
3
2
0
2
8
13
0
0
0
0
0
0
0
1
0
2
0
0
4
3
5
1
2
0
