0
0
13
22
12
0
2
0
0
0
0
0
0
0
3
7
0
0
0
0
0
0
0
4
0
0
0
0
0
0
0
2
0
5
3
1
0
0
0
0
3
0
0
0
0
0
0
0
0
0
3
0
0
0
0
1
0
5
16
2
2
6
2
0
0
0
0
0
0
0
2
0
0
1
0
2
2
5
0
1
5
5
0
0
1
12
13
3
2
0
0
0
0
0
0
0
0
5
8
0
0
0
2
0
0
0
12
0
0
0
0
0
0
0
0
0
0
0
0
0
0
4
0
0
0
3
1
0
0
0
0
0
0
0
0
0
8
0
5
0
1
7
15
18
51
39
81
471
1431
1087
243
42
36
13
2
1
1
0
2
4
14
11
0
0
0
0
0
0
0
1
0
0
8
1
0
0
0
0
0
8
11
3
0
0
0
0
0
0
2
11
7
4
11
10
7
2
6
0
0
0
8
4
2
0
0
0
0
0
0
0
0
1
4
16
6
0
0
0
0
0
0
8
2
0
0
0
0
0
0
0
0
3
5
0
0
0
0
0
6
0
0
0
0
0
0
0
8
0
0
2
11
0
0
0
0
0
0
0
0
0
2
16
8
0
0
4
5
1
0
1
0
1
0
0
0
0
2
3
19
13
0
0
0
0
2
3
0
0
2
2
0
0
12
1
0
0
0
0
2
0
6
9
0
0
8
0
0
0
0
3
6
2
0
0
0
0
0
2
0
0
0
0
0
0
0
0
0
0
0
4
4
0
0
0
1
0
0
0
2
0
0
0
1
0
6
10
1
4
4
0
2
4
0
0
0
0
0
0
0
0
0
0
0
0
0
10
16
9
0
0
2
0
0
0
0
0
0
0
0
0
0
0
7
1
0
0
0
0
0
0
1
0
0
0
7
0
0
0
5
6
4
0
0
0
0
1
1
2
3
12
14
15
0
0
2
13
8
5
0
1
0
0
0
0
0
0
0
4
10
5
4
0
0
0
0
0
4
1
1
0
1
0
0
0
1
0
3
0
2
5
6
1
0
0
0
0
0
0
3
7
2
1
0
3
7
4
0
0
0
2
0
0
0
0
0
0
11
16
0
0
3
1
0
0
0
0
0
0
1
1
3
0
0
0
3
1
2
0
0
0
0
0
9
9
10
8
4
3
0
0
0
1
0
0
0
0
0
0
0
3
1
0
0
0
0
2
0
2
6
5
7
0
0
7
12
0
0
0
2
0
3
0
7
9
3
0
2
0
1
0
0
2
0
0
0
0
0
6
0
0
0
1
0
0
0
0
0
0
1
0
0
1
0
0
5
4
0
0
0
0
1
0
0
0
0
0
1
0
0
0
0
0
1
2
2
0
0
0
0
0
0
0
0
2
0
0
0
0
11
22
0
0
0
1
0
0
0
1
0
0
0
0
0
14
12
1
0
0
0
3
0
0
0
0
4
7
8
0
1
5
8
0
0
0
7
5
5
2
1
0
0
0
2
4
8
8
0
0
0
0
0
3
0
0
0
1
0
0
0
0
0
0
0
0
5
11
0
1
3
0
0
0
0
1
8
5
2
0
0
0
0
0
9
0
0
0
3
1
0
0
10
6
3
2
0
2
0
1
0
0
0
0
0
0
0
0
0
0
0
0
0
0
0
0
0
0
0
0
0
0
0
0
0
0
0
0
0
0
2
0
9
11
0
0
3
16
10
3
5
5
0
0
0
0
1
3
1
4
2
0
0
0
0
0
0
0
5
0
0
0
0
0
1
0
0
0
0
0
0
2
7
4
5
1
0
0
6
10
8
0
2
0
0
0
0
0
0
0
0
0
0
3
7
1
1
2
7
10
0
0
0
1
0
0
0
0
0
0
0
0
4
2
0
0
0
0
0
0
0
0
0
0
7
2
1
0
1
1
8
2
0
0
1
0
0
0
0
0
0
0
0
0
0
4
0
1
3
1
0
1
0
0
0
0
0
0
0
0
0
0
0
0
8
14
0
0
0
0
0
0
0
0
0
0
0
0
0
0
2
0
0
0
0
0
0
0
0
0
4
2
0
1
0
0
0
2
0
0
0
0
0
0
0
0
0
0
0
0
4
4
0
0
0
0
0
0
0
0
0
0
0
0
0
0
0
0
3
0
7
14
0
0
2
0
0
0
0
0
0
0
0
2
1
0
0
0
0
0
0
0
0
0
0
0
3
3
0
0
0
0
0
0
0
0
0
0
0
0
0
1
3
0
0
0
0
0
0
0
1
0
0
0
2
0
0
0
4
0
0
3
2
1
0
0
7
12
0
0
0
0
0
0
0
0
0
0
0
0
0
2
3
0
0
0
