0
0
8
25
9
0
0
3
0
0
0
0
0
0
2
7
0
0
1
0
0
0
0
0
2
0
0
0
3
0
0
0
0
1
3
0
0
0
0
0
3
0
0
0
0
0
0
0
0
0
1
3
0
0
0
3
0
7
13
3
0
6
2
0
0
0
0
0
0
0
4
0
0
0
3
0
7
3
1
0
10
7
0
0
2
13
10
4
3
3
0
0
0
0
0
0
0
8
5
0
0
0
0
0
0
0
11
3
0
0
0
0
0
0
0
0
0
0
0
0
1
1
0
0
0
2
3
0
0
0
0
0
0
0
0
0
5
0
5
0
0
6
9
16
11
8
37
57
78
557
1540
1074
224
49
28
7
2
5
2
3
13
13
0
0
0
0
0
0
0
0
0
0
11
0
1
0
0
0
3
6
11
4
0
0
0
0
0
0
2
13
8
2
11
14
4
4
2
0
0
0
4
6
0
0
0
0
0
0
0
0
2
2
7
16
6
0
1
0
0
0
0
5
6
0
0
0
0
0
0
0
1
2
4
0
0
0
0
0
2
0
0
0
0
0
0
0
2
0
0
4
8
0
0
0
0
0
0
0
0
0
3
13
8
0
0
1
9
1
0
0
0
0
2
0
0
0
2
1
16
13
0
0
0
0
0
7
0
0
2
5
0
3
9
2
0
0
0
0
0
0
2
6
0
0
7
0
3
0
0
2
4
0
2
0
0
0
0
0
2
0
0
0
1
0
0
0
0
2
0
4
3
0
0
0
0
0
0
1
0
2
0
0
0
0
5
11
1
3
0
0
1
1
0
0
0
0
0
0
0
0
2
1
3
0
4
5
16
5
0
0
4
0
0
0
0
0
0
0
0
0
0
1
5
2
0
0
0
0
0
2
0
0
0
0
4
0
0
0
1
4
2
0
0
0
0
1
0
0
7
10
20
13
2
0
4
8
12
6
0
0
0
0
0
0
0
0
0
4
9
6
0
0
0
0
0
0
3
4
0
0
0
0
0
0
0
0
0
0
0
3
6
2
0
0
0
0
0
0
4
6
6
0
0
0
12
4
1
0
0
0
0
0
0
0
0
2
8
16
0
0
4
5
0
0
0
0
0
0
0
4
1
0
0
0
0
0
2
0
0
0
0
0
11
8
10
5
9
1
0
0
1
0
0
0
1
0
0
0
1
0
1
0
0
0
0
1
0
1
6
12
5
2
0
9
12
2
0
0
0
0
3
0
2
10
0
0
0
0
2
0
0
0
0
0
2
0
2
3
0
0
1
0
1
0
3
0
0
0
5
0
0
1
0
0
6
7
0
0
0
0
0
2
0
0
0
0
0
0
0
0
0
0
0
1
0
0
0
0
0
0
0
0
0
0
0
0
1
0
13
19
4
0
1
0
2
0
3
3
0
0
0
0
1
14
14
3
0
0
0
2
0
0
0
0
4
9
7
0
0
2
5
0
0
0
1
3
1
0
0
0
0
0
0
0
9
6
1
0
1
2
2
0
2
0
3
1
2
0
0
0
0
1
0
1
8
13
0
1
2
0
0
0
0
2
5
3
1
0
0
0
0
0
3
2
0
0
0
0
0
0
8
0
3
0
0
0
3
0
0
0
0
0
0
0
0
0
0
0
0
0
0
0
0
0
1
0
0
1
0
0
1
0
0
0
0
0
0
0
1
0
4
8
0
0
2
13
10
2
2
0
0
0
0
0
5
0
1
2
4
0
0
0
0
0
0
0
6
0
0
0
0
0
0
2
0
0
0
0
0
7
8
5
2
3
0
0
4
9
4
0
0
0
0
0
0
0
0
0
0
0
0
0
6
0
0
0
9
10
1
0
3
0
4
0
0
0
0
0
0
1
2
3
0
0
0
2
0
0
0
0
0
0
6
2
0
0
0
0
4
0
0
0
1
0
0
0
0
0
0
0
0
0
0
0
0
0
4
1
1
0
1
0
1
0
1
0
0
0
0
0
0
0
9
16
0
1
0
0
0
0
0
0
1
0
2
0
0
0
1
0
0
0
0
0
0
0
0
0
5
0
0
0
1
0
4
0
0
0
0
0
0
0
0
0
1
0
0
0
5
6
0
0
0
0
0
0
0
0
0
0
0
0
0
0
0
0
0
0
6
9
0
0
0
0
0
0
0
0
0
0
1
0
4
0
1
0
0
0
1
0
0
0
0
0
5
1
2
0
0
0
0
1
3
0
0
0
0
1
1
3
0
0
0
0
0
0
0
0
0
0
0
0
0
0
0
0
1
0
0
0
3
0
1
0
9
9
0
0
0
0
0
0
0
0
0
0
0
0
0
4
3
0
0
0
