0
0
10
24
12
0
1
5
0
0
0
1
0
0
4
9
0
0
0
0
0
0
0
2
0
0
0
0
1
0
0
0
0
1
7
0
0
0
0
0
5
0
0
0
0
0
0
0
0
0
2
3
0
0
0
2
0
7
12
2
2
11
2
0
0
0
0
0
0
0
4
0
0
0
2
0
7
2
2
0
9
7
0
0
5
14
15
2
8
1
0
0
0
0
0
0
0
6
9
0
0
0
0
0
0
0
12
2
0
0
0
0
0
0
0
0
2
0
0
0
3
2
0
0
0
1
4
0
0
0
0
0
0
0
1
0
10
0
7
0
4
4
12
12
25
3
17
22
37
47
91
700
1664
1009
183
47
34
8
5
13
14
16
1
2
3
0
0
0
0
0
0
0
10
1
2
0
0
0
5
7
12
4
1
0
0
0
0
0
5
11
11
3
12
11
7
2
3
0
0
0
3
5
2
2
0
0
0
0
0
0
4
4
6
18
6
0
0
0
0
0
0
5
4
0
0
0
3
0
1
0
3
1
6
0
1
0
0
0
6
0
1
0
6
0
0
0
2
0
0
5
9
0
0
0
0
0
0
0
0
0
1
14
6
0
0
3
8
0
0
0
0
0
3
0
0
0
1
0
19
14
0
0
4
0
4
5
5
0
6
3
1
1
13
3
0
0
0
0
0
2
4
11
0
0
7
3
0
2
2
4
6
0
0
0
0
0
0
0
0
0
0
0
0
0
2
0
2
0
2
6
7
0
3
0
4
0
5
1
6
0
0
0
1
0
6
10
3
7
2
1
2
7
0
0
0
1
0
0
0
0
1
0
1
0
3
6
14
4
0
0
3
0
0
0
0
0
0
0
3
0
0
0
8
2
2
0
0
0
3
0
0
0
0
0
5
0
0
0
2
8
3
0
0
0
0
0
0
1
4
11
20
11
0
0
2
9
12
3
2
0
0
0
0
0
0
0
0
2
12
4
5
0
3
0
0
0
7
3
2
0
2
0
1
0
0
0
0
0
0
4
4
3
0
0
0
0
0
0
4
4
3
0
0
0
10
2
0
0
0
0
0
0
0
0
0
0
12
17
0
0
5
3
0
0
0
0
0
0
2
5
2
2
0
0
0
3
0
0
0
0
0
0
11
7
12
8
7
1
0
0
0
0
0
0
0
0
0
0
0
2
3
0
2
0
2
0
2
0
9
7
11
0
2
6
16
0
0
0
1
0
2
0
4
13
0
0
1
1
1
0
0
1
0
0
0
0
3
2
0
0
0
0
0
0
1
0
0
0
4
1
2
0
1
0
8
4
0
0
2
0
4
0
0
0
0
0
0
0
0
0
0
0
0
3
1
0
0
0
0
0
0
0
0
0
0
0
0
0
10
21
1
0
0
0
3
0
0
1
0
0
0
0
5
13
20
4
1
0
6
2
1
0
0
0
4
10
7
1
0
5
5
3
0
1
2
3
2
0
0
0
0
0
2
1
7
7
0
0
0
0
1
2
0
0
0
0
0
0
0
0
0
0
1
0
10
11
0
0
5
0
0
1
0
4
8
5
0
0
0
1
0
1
5
2
0
0
0
0
0
0
7
4
2
0
0
0
1
1
0
0
0
0
0
0
0
0
0
0
0
0
0
0
1
0
2
0
0
0
0
0
1
0
0
0
0
0
0
0
1
0
5
10
0
0
1
13
10
2
4
1
0
0
0
0
0
2
0
1
4
0
0
0
0
0
0
0
6
0
0
0
2
0
2
0
0
0
0
0
0
1
7
1
4
0
0
0
4
12
7
0
0
0
0
1
0
0
0
0
0
0
0
0
6
0
0
0
4
7
1
0
1
0
2
0
0
0
4
1
0
0
5
0
0
0
1
0
0
0
0
0
0
0
6
5
1
0
0
0
4
2
0
0
0
0
0
0
0
0
0
0
0
0
0
0
0
0
4
0
1
0
2
0
0
0
1
0
0
0
2
0
1
0
9
12
1
0
2
0
0
0
0
0
1
0
1
0
0
0
2
0
0
0
0
0
0
0
0
0
2
0
0
0
0
0
1
0
0
0
0
0
0
0
1
0
2
0
2
0
7
1
0
0
0
0
0
0
0
0
0
0
0
0
0
0
0
0
1
0
5
13
0
0
0
0
0
1
0
0
0
0
0
0
2
0
0
0
1
0
0
0
0
0
0
0
7
2
1
0
1
0
0
1
2
0
0
0
0
0
1
4
2
0
0
0
0
0
0
3
1
0
0
0
0
0
0
0
1
0
0
0
2
0
0
0
8
10
0
0
0
0
1
0
0
0
0
0
0
0
1
1
3
0
0
0
