0
2
12
27
14
2
4
5
0
0
0
1
2
0
9
11
2
0
5
0
2
0
0
5
2
0
0
0
3
0
0
0
3
4
7
2
0
0
0
0
5
0
0
0
0
0
0
0
1
0
6
3
2
0
0
7
2
7
14
6
4
10
8
0
3
0
0
1
4
2
7
0
2
0
6
1
7
3
1
0
11
12
0
0
4
16
15
4
6
4
0
0
0
0
0
0
0
7
9
0
0
0
3
3
0
0
16
5
3
0
1
0
1
0
1
0
5
0
2
0
5
3
0
0
0
5
5
0
0
0
0
0
0
0
2
0
6
0
4
0
0
4
12
13
6
1
11
17
10
15
41
56
129
876
1739
909
163
52
37
17
24
22
5
1
2
0
3
0
0
1
0
0
10
1
5
0
0
0
2
4
15
5
0
0
0
0
0
0
3
14
11
4
12
13
8
6
5
2
1
0
9
10
7
4
3
0
3
2
4
0
6
4
10
17
9
0
0
0
0
0
0
8
4
0
0
0
0
0
0
0
4
5
4
0
0
0
0
0
6
1
0
0
5
0
0
2
7
0
2
7
13
2
1
0
1
0
0
0
2
0
4
15
10
1
0
5
10
0
0
0
2
0
2
0
1
0
3
3
22
16
0
0
2
0
6
6
3
0
6
5
2
4
14
5
2
1
2
0
4
3
7
12
0
2
9
1
4
1
3
4
8
0
3
0
0
0
0
0
2
0
0
0
3
0
4
0
4
2
2
7
6
0
2
0
2
1
2
3
3
0
2
1
1
0
10
13
4
8
5
0
7
6
2
0
0
0
2
0
0
0
2
1
3
0
3
8
17
9
0
0
2
0
2
1
0
2
1
0
2
0
0
3
8
6
2
0
0
1
1
6
4
2
3
4
9
0
2
1
8
9
6
0
0
0
3
3
2
1
7
12
20
14
3
0
5
13
10
4
0
0
0
0
1
0
0
0
0
3
12
7
3
1
0
0
0
0
8
5
1
2
3
3
4
1
4
2
5
1
3
5
11
3
2
2
3
0
2
0
6
6
4
0
0
2
12
3
0
0
0
0
5
0
0
0
2
1
10
16
0
0
3
1
2
0
0
1
0
1
4
6
5
2
3
2
4
5
4
0
1
0
0
0
14
9
11
9
7
0
0
0
1
0
0
0
0
0
0
0
1
5
3
2
0
0
1
2
3
4
9
8
10
1
2
10
17
6
3
2
4
0
6
4
11
12
3
0
0
0
6
0
0
0
0
0
1
0
0
3
0
0
2
0
0
0
2
0
0
0
7
1
2
3
2
1
7
5
2
0
3
0
6
4
3
0
2
1
5
2
3
2
3
0
0
6
2
0
0
0
0
0
1
0
2
0
1
0
0
0
14
21
2
0
0
0
4
1
1
3
2
0
0
0
4
15
16
6
3
0
4
3
4
1
0
0
8
10
11
1
4
6
10
6
0
2
7
7
5
3
3
1
0
0
4
2
9
7
3
2
2
1
3
4
1
0
2
1
0
0
1
0
2
1
4
1
7
12
1
0
6
0
0
2
2
4
10
4
6
1
3
1
1
2
9
6
0
0
0
0
0
0
9
6
2
0
1
0
0
0
0
0
1
0
0
0
0
0
0
0
0
0
0
0
2
1
4
0
1
1
3
0
4
1
2
0
2
0
1
3
4
3
8
13
0
0
3
17
12
4
3
2
0
0
0
0
3
2
2
6
5
0
0
0
0
0
0
0
6
1
0
0
1
0
3
3
2
0
1
0
1
3
12
5
7
4
2
1
7
11
6
3
2
2
1
2
2
1
0
0
0
1
0
3
7
0
4
2
10
10
1
0
4
0
2
0
0
1
5
2
3
0
6
2
1
0
5
0
5
0
2
0
0
0
8
5
3
0
1
5
8
4
0
0
1
1
1
2
0
0
0
0
0
0
0
0
2
1
9
1
1
1
4
0
1
0
1
0
4
1
5
0
5
0
14
14
6
0
4
0
1
2
0
2
3
1
2
2
0
4
3
1
0
0
0
0
0
0
0
0
5
0
0
0
4
0
3
1
3
0
0
0
0
0
2
1
6
0
4
1
10
7
4
0
5
0
0
0
2
0
1
1
0
1
2
3
0
3
4
3
9
14
0
0
0
0
0
0
0
0
0
0
3
4
7
0
0
0
2
0
0
0
2
0
0
0
11
6
6
0
5
0
5
1
7
0
1
1
3
1
3
7
5
2
3
1
2
1
3
2
1
0
0
0
2
0
1
0
1
0
2
2
5
0
0
0
9
12
1
0
1
0
1
0
0
0
2
2
2
0
7
4
6
2
6
0
