1
3
31
26
17
2
3
5
2
1
0
1
2
0
8
15
0
0
2
5
0
0
0
7
1
0
0
0
4
0
1
4
2
7
6
6
0
3
0
0
5
1
0
4
2
4
1
2
4
4
9
7
5
2
0
6
1
13
18
6
6
13
5
0
0
0
0
3
3
3
5
1
0
3
3
5
8
8
3
3
12
15
0
2
24
21
17
9
10
9
1
0
3
2
0
0
1
16
13
2
2
1
4
2
0
0
16
4
0
0
0
0
0
0
1
0
3
0
0
0
3
8
0
0
3
7
7
1
0
0
3
2
0
3
1
2
9
3
9
4
4
8
17
18
11
6
15
17
7
11
29
16
50
67
152
1056
1792
812
137
51
46
21
5
8
3
0
1
2
0
2
0
0
10
2
3
2
0
1
3
12
19
8
4
1
3
2
1
0
6
17
30
9
16
17
10
10
6
0
1
1
4
8
3
3
1
0
0
0
0
2
3
5
9
19
8
0
0
0
1
0
0
7
7
0
0
1
2
1
1
2
3
6
7
1
1
3
0
0
6
4
5
2
5
2
1
5
6
0
0
7
13
0
0
0
0
0
0
0
0
0
4
17
7
0
0
7
11
3
1
0
1
0
5
2
0
0
2
7
18
17
0
2
5
3
8
8
5
1
8
7
2
6
14
9
1
2
0
1
1
5
7
12
0
0
9
2
4
3
3
5
5
0
2
0
0
1
1
3
0
0
1
2
1
3
4
1
3
3
3
7
6
0
2
3
4
5
6
8
6
6
2
1
1
2
11
16
4
10
1
0
3
6
0
0
0
3
1
0
0
0
1
2
2
3
4
12
15
7
0
0
5
1
0
2
0
0
1
0
3
0
0
5
9
6
4
0
1
2
2
5
4
4
1
6
5
4
0
1
4
10
3
1
0
0
0
3
2
2
6
16
20
16
0
1
3
13
14
7
1
1
0
0
5
0
0
0
1
8
13
9
7
2
1
2
0
0
11
7
2
2
2
3
3
3
1
2
2
0
1
5
9
4
0
1
1
0
0
0
5
6
6
0
0
4
10
3
1
0
0
3
4
0
2
0
3
4
13
21
1
1
9
7
4
2
1
4
0
4
4
8
4
3
1
3
2
3
3
0
0
0
0
0
14
11
13
12
10
4
0
2
2
0
0
0
0
0
0
2
2
4
7
2
3
0
6
5
4
5
25
14
16
4
3
14
19
9
1
4
6
3
4
3
8
13
2
0
2
2
5
0
0
4
0
1
2
1
4
6
0
0
0
2
1
1
3
2
0
0
6
4
2
5
6
2
9
9
5
3
6
4
7
6
6
2
1
5
4
3
1
1
0
0
1
4
2
2
0
0
0
1
0
3
1
1
4
2
0
0
14
22
4
1
2
4
3
4
2
5
3
0
2
3
6
19
18
9
2
3
6
9
5
3
0
0
8
13
13
2
2
6
9
4
0
2
7
8
6
4
2
2
0
1
2
3
10
8
2
0
3
5
3
4
1
1
2
4
3
3
0
1
1
4
3
5
12
16
1
6
8
3
2
5
2
4
12
8
3
1
2
2
0
2
8
6
0
0
3
0
0
0
14
7
3
2
2
3
1
3
0
0
0
0
2
1
0
0
2
0
0
1
0
2
4
5
6
5
5
4
3
4
4
2
4
0
2
1
0
2
2
2
7
12
0
0
3
16
14
4
2
3
0
1
0
0
4
4
0
7
6
0
0
0
0
3
0
0
8
3
2
0
4
1
4
7
4
3
3
2
3
8
12
11
8
6
3
4
8
16
7
0
4
2
1
0
2
0
0
0
0
1
1
4
7
3
2
2
9
13
3
6
2
2
2
0
0
0
4
5
3
2
6
6
2
1
6
5
4
4
1
3
0
0
10
8
3
1
1
2
8
3
2
0
2
0
0
2
0
0
0
0
0
0
1
1
3
4
4
3
0
4
1
2
1
0
0
0
3
3
5
2
4
0
14
19
4
3
6
1
1
4
0
6
4
2
3
5
1
3
3
2
1
0
0
0
0
0
0
0
6
5
0
1
2
0
4
2
2
0
0
0
0
0
3
3
3
1
2
3
10
10
5
6
6
2
2
1
4
2
2
2
2
2
0
1
4
3
6
2
13
13
2
0
0
0
0
0
0
0
0
1
1
2
6
3
1
0
0
0
3
0
1
0
0
0
10
8
6
2
2
2
3
8
6
6
2
4
2
5
5
9
4
3
2
0
1
1
2
1
3
0
0
0
2
1
2
0
4
2
1
5
6
5
2
2
11
14
0
0
1
1
2
3
2
2
3
4
5
4
7
9
5
3
0
1
