0
0
14
30
15
2
2
5
1
1
0
1
1
0
5
13
2
2
1
6
1
0
0
8
4
0
0
4
4
1
3
5
2
12
10
8
2
8
0
0
7
0
2
0
1
0
0
1
3
0
5
5
3
0
0
6
2
11
15
4
1
12
8
0
0
0
0
3
2
3
5
2
2
5
5
6
9
11
4
5
12
16
0
2
7
21
16
9
9
8
2
0
0
0
0
0
1
12
13
0
0
0
2
4
0
0
15
6
1
0
0
0
0
2
2
3
3
3
2
1
2
8
0
1
1
9
8
6
0
0
1
4
2
4
3
2
9
2
10
1
3
6
17
13
5
2
14
16
2
3
3
8
14
24
40
67
192
1234
1788
722
129
64
32
10
3
6
2
3
1
5
0
0
10
7
1
5
0
4
3
15
15
11
2
3
2
3
0
0
6
18
13
7
15
14
11
6
7
1
0
2
5
9
4
3
0
0
1
0
0
2
2
6
9
19
8
0
0
0
0
1
0
10
7
3
3
4
2
4
2
7
5
8
5
3
2
3
0
0
9
3
4
0
3
2
1
2
7
0
0
7
9
1
0
0
0
0
0
0
0
1
7
16
10
1
1
8
11
6
0
2
1
3
7
4
1
3
2
5
20
21
1
4
4
2
6
8
4
1
8
5
2
4
15
4
0
0
1
0
3
5
3
15
0
0
9
4
4
3
6
6
8
3
2
1
0
2
1
6
1
0
4
6
6
2
5
5
4
5
4
9
9
2
3
0
7
3
7
5
5
3
2
0
0
0
11
13
3
7
2
0
5
7
1
0
1
3
3
1
1
2
2
4
5
5
4
11
15
10
0
0
5
4
2
3
3
4
4
2
5
2
2
6
11
3
4
0
2
2
4
4
3
2
1
3
4
1
0
1
3
9
5
1
1
1
1
3
3
3
7
16
22
17
2
3
5
16
13
9
3
3
1
2
4
1
1
0
1
7
15
8
7
0
2
1
0
0
7
2
3
1
0
2
4
2
0
2
1
0
2
4
11
6
1
1
2
0
0
3
8
10
6
4
1
8
13
6
1
0
3
3
5
0
3
0
6
3
16
17
2
0
10
4
1
0
0
0
0
2
0
4
3
1
1
0
1
3
4
0
0
1
0
0
15
10
13
10
9
7
1
3
1
3
1
1
0
3
0
4
6
4
6
1
3
0
7
0
4
3
9
9
14
3
3
10
17
5
1
2
2
0
4
3
7
11
3
0
2
1
4
1
0
3
0
1
4
3
1
7
0
1
0
5
0
2
4
4
0
0
6
3
5
4
7
1
8
5
3
1
3
2
5
5
2
0
0
2
2
0
1
2
0
0
2
7
2
0
0
0
0
1
2
0
3
4
3
2
0
0
13
26
4
3
2
5
5
5
5
10
5
4
1
2
6
14
16
5
2
1
4
4
4
2
0
0
5
12
8
3
0
5
5
2
1
1
7
6
4
3
5
3
0
3
5
3
12
10
0
4
3
5
6
8
1
4
6
9
5
2
3
1
5
5
4
4
13
14
0
4
5
0
0
4
0
5
7
8
4
3
0
0
0
5
9
4
0
0
1
2
0
0
9
7
4
3
0
3
3
5
2
3
1
2
2
4
3
2
0
4
1
4
0
4
3
4
2
2
2
1
0
0
2
0
1
0
0
0
0
4
0
4
12
14
0
0
5
17
13
6
3
5
0
0
2
1
6
7
4
9
7
2
2
3
1
6
0
0
10
7
1
4
4
1
3
4
0
1
1
2
3
7
9
7
6
5
0
3
7
12
8
1
2
1
0
1
4
0
1
0
0
0
1
4
7
4
5
5
12
16
4
6
4
6
6
1
2
3
5
6
6
5
7
4
2
1
4
5
3
0
2
0
0
0
5
6
2
0
2
4
8
6
0
0
2
0
2
2
1
0
0
0
0
0
1
4
4
5
9
7
4
9
4
6
4
4
3
2
5
4
3
4
3
1
13
17
4
2
4
0
1
1
0
2
3
1
3
4
2
4
4
1
2
1
3
2
1
0
0
0
7
6
0
4
4
2
6
4
5
3
3
2
3
3
5
5
7
1
2
2
10
10
2
1
4
0
3
1
2
0
2
2
0
0
2
3
4
2
4
3
11
14
0
1
1
0
2
2
0
0
0
2
2
6
6
3
2
2
4
3
3
2
3
5
0
0
10
9
5
1
5
0
2
7
5
1
2
1
1
1
4
6
4
2
2
1
0
2
3
4
1
0
0
0
2
0
1
2
5
2
4
5
7
5
3
5
12
18
0
1
5
4
2
3
2
5
4
3
2
2
5
10
5
3
1
0
