3
0
16
27
13
2
4
5
0
1
0
2
1
0
10
13
0
1
1
3
2
0
0
6
3
0
0
2
3
3
4
6
1
8
7
6
1
7
0
0
9
1
0
0
4
0
2
0
5
1
7
5
3
1
0
6
2
10
15
4
4
12
4
0
0
0
0
3
4
5
7
0
1
6
3
5
10
10
2
5
12
13
0
1
6
20
16
9
10
7
3
0
1
0
0
0
1
10
12
0
2
0
3
1
0
0
14
5
2
0
0
0
0
0
0
0
3
5
2
3
2
9
0
0
2
10
6
4
0
2
1
1
0
2
0
0
6
0
3
0
2
8
10
12
7
2
12
17
4
3
5
0
11
16
8
17
43
73
255
1365
1778
639
120
49
29
8
8
11
1
6
0
0
14
7
2
5
0
5
2
12
17
10
0
3
1
0
0
0
7
17
29
6
16
16
8
5
10
1
1
1
8
10
4
1
0
0
0
2
0
1
3
8
9
20
7
1
0
0
0
2
0
14
4
4
0
3
0
2
2
5
4
8
6
1
0
3
0
0
8
2
4
0
5
2
2
3
8
1
2
7
12
1
0
2
0
0
0
0
0
1
6
20
8
3
0
9
9
6
0
2
1
4
4
2
0
5
1
5
22
17
0
0
2
0
6
10
2
2
8
5
4
4
18
6
2
0
2
0
5
4
5
11
0
3
8
1
3
2
3
7
7
5
0
1
0
1
0
6
3
3
0
6
4
0
2
4
3
2
2
9
7
0
0
0
7
5
6
6
5
1
2
0
3
0
11
13
4
7
4
1
4
8
2
0
0
1
2
2
0
1
1
4
4
4
3
13
17
11
0
0
5
4
1
2
2
4
0
0
2
0
0
5
9
7
3
0
2
2
2
4
8
2
1
2
8
2
1
1
6
8
7
2
0
1
1
4
3
4
6
17
18
17
3
6
5
15
15
9
4
4
0
2
3
1
0
0
0
5
13
6
4
2
0
0
0
0
11
4
4
0
4
1
5
0
4
2
5
2
6
7
9
5
2
2
5
0
1
2
7
8
6
2
0
7
13
8
0
0
0
7
4
1
0
3
4
3
12
19
0
1
7
3
0
0
3
1
0
0
5
5
4
0
1
1
3
1
7
0
1
0
0
0
13
9
13
10
8
3
0
3
3
3
1
0
0
3
0
4
4
9
4
3
2
0
3
3
4
6
8
11
10
1
2
11
18
4
2
1
6
0
6
2
15
12
2
0
2
0
4
0
0
3
0
0
3
0
2
8
0
1
2
3
0
2
5
5
0
0
8
5
2
4
3
3
8
9
3
2
1
2
4
2
3
0
0
1
3
0
3
1
1
1
2
6
4
0
0
0
1
3
1
0
3
3
2
1
2
3
13
24
3
2
2
5
4
7
5
8
1
0
1
0
4
16
16
5
1
0
5
5
4
0
0
0
10
11
12
2
1
4
8
3
1
1
6
9
5
3
3
4
0
1
0
5
12
13
2
4
1
6
4
10
3
5
5
8
2
4
0
0
2
4
2
2
9
15
2
5
8
2
3
4
1
5
12
7
5
1
3
0
1
4
7
5
1
0
3
4
0
0
11
9
4
4
2
3
1
7
3
4
1
5
0
2
1
0
0
2
1
0
0
0
3
2
5
2
4
2
4
0
3
1
2
1
1
0
0
4
3
2
11
13
0
0
4
18
14
4
3
5
1
2
0
4
6
6
0
10
6
3
1
2
1
4
0
0
7
5
1
0
1
0
6
4
2
0
0
0
5
6
13
5
8
5
2
3
7
11
7
3
2
1
0
1
3
0
1
0
1
1
0
5
6
5
2
6
9
18
0
8
2
4
5
2
0
2
6
7
3
4
5
7
5
1
5
5
4
1
2
0
0
0
7
5
2
0
0
3
7
5
1
1
1
1
1
5
0
2
0
0
1
2
0
5
1
7
5
8
2
6
1
4
1
2
2
1
3
3
3
1
4
1
16
17
3
0
4
2
1
3
0
2
2
1
3
4
1
4
4
2
1
0
0
1
0
1
0
0
6
6
0
5
1
2
4
4
2
3
1
2
0
1
2
2
2
0
2
3
9
10
4
0
5
1
3
1
3
1
0
1
0
0
3
1
3
3
4
3
8
16
3
0
0
2
0
0
0
2
0
4
0
5
4
2
2
3
1
3
3
2
3
3
0
0
12
6
8
0
2
2
5
5
5
0
4
2
1
2
4
5
5
4
0
0
1
0
3
4
3
1
0
0
3
1
2
3
2
6
4
7
7
7
4
7
13
16
1
1
4
3
4
2
1
2
5
4
4
1
6
7
6
2
0
1
