0
4
14
32
15
6
4
9
3
4
1
3
2
0
7
14
0
0
4
3
3
1
0
7
0
0
0
3
2
2
3
8
1
9
11
9
6
19
6
46
148
595
1030
545
141
28
10
8
4
6
7
10
3
4
2
9
2
15
18
8
6
15
9
0
4
0
2
5
4
3
6
2
4
4
2
5
8
9
2
3
13
15
0
0
4
19
18
7
5
8
0
0
0
2
0
1
0
13
11
3
0
3
4
4
0
0
18
6
2
1
0
0
1
3
4
0
5
4
2
0
4
7
1
0
0
6
8
6
0
0
2
2
0
4
3
2
9
0
4
0
1
8
10
15
5
3
11
16
0
3
0
1
3
7
0
0
0
0
4
5
15
12
0
0
2
0
1
0
0
2
0
0
8
2
1
0
0
1
0
10
15
5
0
0
0
0
0
0
4
15
10
10
14
15
6
9
5
5
0
1
8
10
3
3
4
0
1
0
2
2
7
5
10
18
10
0
0
0
0
1
0
10
4
0
0
1
0
0
1
2
2
6
5
2
0
1
0
0
7
4
0
0
2
3
2
6
8
4
2
9
12
2
0
0
0
0
0
0
2
1
6
16
8
1
0
4
11
4
0
0
0
0
3
0
0
0
0
4
17
16
0
1
2
0
5
8
2
3
4
8
1
6
14
8
1
2
0
1
5
6
7
13
0
1
12
1
6
4
5
7
7
2
2
0
0
1
1
2
1
0
0
1
2
1
4
0
3
3
1
9
7
2
1
1
2
2
0
5
5
6
0
2
1
0
11
16
7
12
5
1
6
6
2
0
1
1
5
1
1
1
4
1
4
3
3
11
16
5
0
0
5
3
3
3
2
2
2
0
2
1
0
4
8
7
3
0
0
4
4
6
1
5
2
8
8
4
2
4
10
11
8
5
5
3
5
4
6
4
7
16
22
17
0
2
6
14
14
8
2
2
1
1
2
0
1
0
0
6
13
8
7
2
1
2
0
0
6
7
4
5
1
3
2
4
2
5
4
4
5
9
12
8
3
4
6
0
2
1
8
8
5
2
0
3
13
5
0
0
0
4
5
0
2
0
2
4
13
17
0
0
7
7
0
1
0
2
1
2
3
8
6
6
2
4
4
7
7
2
4
4
0
0
19
11
17
12
10
5
2
2
1
0
0
0
1
0
0
0
4
7
3
1
3
0
3
3
2
5
5
10
11
3
2
10
17
5
2
2
5
2
5
5
12
14
4
4
5
6
8
4
0
3
1
1
5
2
4
7
3
0
2
4
0
0
3
1
0
0
5
3
2
4
3
2
7
7
1
2
0
3
3
5
1
0
0
4
1
1
2
3
0
2
5
8
6
2
1
2
3
5
5
2
4
5
4
2
1
0
13
25
5
1
0
0
5
4
2
5
3
0
0
0
3
17
16
6
1
0
5
5
1
1
0
0
8
14
11
3
2
9
9
5
3
4
9
9
7
6
7
2
4
2
5
4
12
10
3
2
4
4
4
5
3
1
2
7
1
2
0
0
2
4
3
3
11
12
0
5
5
0
0
4
0
4
8
9
5
3
2
2
0
5
10
8
3
1
4
2
0
0
13
8
7
2
3
1
5
3
2
0
1
0
0
2
0
1
0
0
0
0
2
2
0
2
2
2
1
4
0
0
2
1
0
0
0
0
1
4
4
4
13
15
0
1
6
17
17
7
8
5
1
0
2
2
5
2
4
8
4
0
0
2
1
3
0
0
8
4
1
1
0
0
2
3
0
1
0
1
2
6
11
8
8
6
1
4
9
14
9
3
4
2
2
4
5
1
2
1
3
1
0
4
8
3
2
4
8
13
3
5
0
4
4
1
0
2
1
3
0
2
5
3
0
0
5
3
2
1
1
1
0
0
10
8
3
3
4
7
11
7
3
4
5
2
4
3
1
0
2
0
0
0
0
2
2
4
5
4
3
7
3
2
0
2
1
1
0
1
2
1
0
0
12
17
1
1
3
2
0
4
0
4
3
5
5
4
1
3
5
5
4
2
1
0
1
1
0
0
7
4
1
3
2
0
4
4
0
1
0
1
0
1
1
2
2
1
0
3
7
9
1
2
2
3
1
3
3
5
0
4
1
4
3
5
5
6
4
6
15
19
5
1
5
1
5
1
2
4
0
2
2
4
5
1
0
0
1
3
2
2
2
3
0
0
8
8
4
3
2
3
2
4
5
7
1
3
4
4
3
10
5
8
3
2
4
6
2
6
7
4
0
0
8
1
4
2
4
3
3
3
6
5
2
5
10
16
0
1
4
3
2
3
0
3
2
4
2
3
6
8
6
3
2
3
