1
3
30
31
16
4
3
8
3
5
1
4
0
1
6
13
0
0
2
4
0
0
0
7
3
0
0
0
4
0
1
6
2
8
9
5
1
1
0
0
7
1
0
0
3
0
2
0
4
2
9
9
5
3
2
10
2
14
17
9
4
14
7
0
0
0
1
4
1
4
7
0
3
3
4
3
9
7
1
1
10
15
0
0
5
19
17
6
6
7
0
0
0
0
0
0
0
12
13
1
2
2
6
6
0
0
16
8
2
1
0
0
0
2
1
1
2
3
1
1
4
7
0
0
4
5
8
3
0
1
2
1
0
3
3
1
6
0
1
0
0
6
12
16
4
1
14
15
2
2
4
1
8
10
4
12
14
26
49
84
320
1529
1667
525
84
48
26
8
9
11
0
0
12
7
4
2
1
0
4
12
15
8
3
2
0
1
0
0
4
15
12
7
13
16
7
7
6
1
3
3
9
12
4
7
2
2
4
2
0
1
4
5
10
19
8
0
1
0
0
1
0
11
3
0
0
1
0
0
2
2
0
7
5
1
0
3
0
0
5
3
0
2
2
4
0
5
6
4
3
12
12
5
0
0
0
0
1
0
0
0
4
14
8
0
0
5
10
4
0
0
0
1
3
3
0
0
1
4
20
18
0
0
2
2
4
9
2
2
6
8
3
5
16
9
2
2
0
3
3
6
6
15
0
0
6
2
4
3
2
7
8
2
2
2
0
1
1
3
0
0
0
2
2
0
4
2
1
4
1
9
6
1
1
1
4
4
1
7
5
5
0
3
3
1
10
15
6
11
7
0
6
6
0
0
0
3
0
2
1
0
1
3
4
6
4
9
14
8
0
0
4
2
0
0
0
0
0
1
0
1
0
5
6
7
3
2
1
4
2
6
4
4
0
3
8
3
2
0
5
8
4
2
1
1
2
3
1
3
7
16
19
17
1
2
4
14
14
6
1
2
0
1
1
0
0
0
0
8
12
9
7
3
1
2
0
0
10
7
5
1
5
3
6
0
3
2
6
0
3
7
8
7
0
1
2
0
1
1
5
7
5
2
0
3
12
6
0
0
1
3
2
0
0
0
1
4
11
19
0
1
10
7
3
1
0
1
2
2
5
8
6
3
4
0
5
3
3
0
1
2
0
0
16
10
12
11
9
3
0
1
1
0
0
0
0
0
0
1
1
3
3
1
3
0
4
5
4
6
11
14
11
5
5
12
19
5
2
5
5
1
7
4
8
13
1
0
0
1
3
2
0
4
0
0
4
2
4
7
1
0
1
0
0
0
5
1
0
0
7
5
2
5
4
2
8
10
2
3
6
3
6
4
4
1
1
4
2
3
0
0
0
0
2
6
3
1
0
0
1
1
2
1
0
3
1
0
1
0
13
23
5
1
1
1
4
1
4
4
1
0
0
1
5
16
19
9
3
3
5
8
5
2
0
0
7
13
13
4
0
6
9
4
1
1
8
4
3
1
3
0
0
0
4
4
10
7
1
1
4
4
1
3
3
3
3
2
2
3
0
0
3
3
4
4
13
16
3
8
7
3
4
4
0
9
9
9
2
1
0
1
0
3
7
5
0
0
2
1
0
0
10
7
3
3
0
1
3
3
1
0
0
0
0
1
3
0
2
3
2
3
0
4
6
5
4
4
4
4
5
2
3
1
1
1
0
0
0
2
1
2
10
12
0
0
6
18
9
6
6
4
0
0
0
1
5
5
1
6
6
0
1
1
0
4
0
0
9
6
1
2
2
3
4
5
1
3
1
1
3
8
9
5
6
5
0
2
7
13
6
1
1
0
1
4
1
1
1
3
1
1
0
4
6
4
5
5
8
13
1
4
1
5
2
2
1
3
4
5
5
5
5
7
2
2
5
6
1
2
0
0
0
0
7
6
3
1
1
5
8
6
1
1
2
1
0
4
0
0
0
0
1
0
0
1
2
4
5
5
4
7
3
6
3
0
1
2
5
6
3
3
5
3
15
21
3
4
2
0
2
4
0
3
3
1
0
4
0
4
3
2
1
0
0
1
0
0
0
0
5
5
0
3
2
1
3
6
1
2
0
1
2
2
4
6
5
5
2
7
12
11
5
4
2
3
0
1
2
2
0
1
0
0
0
2
2
1
1
3
11
16
0
1
0
0
1
0
0
2
0
0
3
4
5
1
1
0
4
2
3
0
3
5
0
0
8
11
6
3
2
4
1
9
3
4
3
1
2
3
4
7
1
2
2
0
0
2
0
5
3
1
0
0
4
1
1
3
2
2
2
5
7
3
5
1
13
15
2
0
3
3
2
4
2
4
2
5
0
4
5
11
4
4
1
0
