0
0
10
24
11
0
1
4
0
0
0
2
0
0
5
14
0
2
1
6
0
0
1
7
1
0
0
0
4
0
0
1
1
4
4
4
0
2
0
0
1
0
0
0
0
0
0
0
0
0
3
4
0
0
0
4
0
8
14
3
2
12
1
0
0
1
0
4
2
4
4
2
0
5
3
4
9
6
5
0
12
10
0
0
3
14
12
5
4
4
0
0
0
0
0
0
0
10
8
0
0
0
0
0
0
0
12
4
0
0
0
0
0
1
0
0
1
2
0
2
4
8
0
0
4
7
11
1
0
0
2
0
0
0
2
0
3
0
0
0
0
1
7
10
0
0
8
12
0
0
0
0
5
4
0
0
1
11
10
29
58
93
370
1612
1549
436
72
51
24
11
0
0
15
6
5
4
1
0
5
9
15
7
0
0
0
0
0
0
2
15
10
4
13
14
5
4
3
0
0
1
5
6
2
1
0
0
0
0
1
1
3
5
6
19
7
0
1
0
1
2
0
10
6
0
0
0
2
0
0
2
1
7
5
0
0
0
0
0
4
1
0
0
0
0
0
0
4
0
0
7
9
0
0
0
0
0
0
1
0
2
4
17
8
1
0
6
9
5
2
1
2
1
4
0
0
0
3
4
19
16
0
0
0
0
3
5
0
0
3
2
0
3
9
3
0
0
0
0
0
2
3
10
0
0
7
1
1
2
1
7
3
3
2
0
1
0
0
6
2
0
0
0
1
0
1
0
1
3
0
7
3
0
0
0
1
1
0
3
0
0
0
0
0
0
7
11
0
9
1
0
1
6
0
0
0
1
0
1
0
0
3
4
6
5
4
11
17
9
0
0
5
1
0
0
0
0
0
0
0
0
0
2
8
4
1
0
0
0
0
2
1
0
0
0
4
0
0
1
2
7
2
0
0
1
2
1
3
4
25
16
21
17
3
1
4
13
13
7
0
4
0
0
1
0
0
0
0
3
9
8
2
0
0
0
0
0
3
1
0
0
0
0
0
0
0
0
0
0
0
4
6
5
0
0
0
0
2
1
7
9
7
2
0
3
15
5
0
0
0
3
2
0
0
0
1
1
10
15
0
0
6
2
0
0
0
0
0
0
2
3
1
0
1
0
0
0
1
0
0
0
0
0
14
10
13
9
10
5
1
0
4
1
2
0
0
2
0
1
2
3
4
2
0
0
0
0
0
2
6
9
8
1
0
8
13
3
1
0
1
0
4
0
6
11
0
0
1
1
6
0
0
3
1
0
5
2
3
7
2
0
1
0
0
0
1
0
0
0
4
1
1
2
0
0
5
7
0
0
1
0
1
1
0
0
0
0
0
0
0
0
0
0
2
5
1
0
0
1
0
2
2
3
0
2
2
0
1
0
14
23
4
0
2
0
3
1
4
3
0
0
0
0
0
13
16
6
0
0
2
3
1
0
0
0
5
13
9
2
0
7
8
3
1
3
5
6
3
3
4
2
0
0
3
4
8
8
1
1
3
0
3
2
2
0
5
3
2
0
0
0
0
0
0
0
7
13
0
2
4
0
0
1
0
4
6
5
4
2
0
1
0
4
6
5
0
2
1
2
0
0
8
4
5
0
2
0
1
1
2
0
1
0
0
0
0
0
0
0
0
0
0
0
0
2
3
1
0
0
0
0
0
2
0
1
0
1
0
4
1
4
7
14
0
0
4
16
13
4
3
2
0
0
2
2
4
1
2
4
7
0
1
0
1
3
0
0
6
4
0
0
0
0
0
1
0
0
0
0
0
6
9
7
5
2
0
2
5
13
5
2
0
2
0
1
2
0
0
0
1
0
0
1
8
0
2
3
11
9
2
2
1
1
3
0
0
0
1
2
0
0
3
3
0
0
1
2
0
1
0
1
0
0
5
6
0
1
0
6
6
5
1
2
1
0
0
2
0
0
0
0
0
0
0
0
2
4
3
3
2
5
0
1
0
0
1
0
0
2
0
1
0
0
10
17
0
0
2
1
0
2
0
5
2
2
2
4
0
4
4
0
1
0
1
0
0
0
0
0
6
2
0
0
1
0
0
2
0
0
0
0
0
0
2
2
1
0
0
0
5
5
0
1
0
1
0
0
2
0
0
1
0
1
0
1
3
4
2
2
10
14
3
0
1
0
3
0
0
0
0
0
2
1
1
1
0
0
0
0
0
0
0
0
0
0
6
5
3
0
0
1
1
5
0
2
0
0
0
4
1
9
2
3
0
1
1
2
2
1
3
0
0
0
5
0
2
0
5
1
2
4
2
2
2
2
7
14
0
0
1
0
0
0
0
1
0
1
0
1
4
8
1
2
0
0
