0
0
10
24
11
0
0
3
0
0
0
0
0
0
2
9
0
0
0
1
0
0
0
7
0
0
0
0
0
0
0
1
0
2
1
0
0
0
0
0
3
0
0
0
0
0
0
0
0
0
4
0
0
0
0
3
0
6
13
3
0
8
0
0
0
0
0
0
0
2
1
0
0
3
0
1
4
5
0
0
5
7
0
0
2
14
12
3
5
3
0
0
0
0
0
0
0
5
6
0
0
0
0
0
0
0
12
1
0
0
0
0
0
0
0
0
0
0
0
0
0
6
0
0
0
4
5
1
0
0
0
0
0
0
0
0
4
0
0
0
0
0
6
7
0
0
5
9
0
0
0
0
0
2
0
0
0
2
1
13
20
37
42
85
429
1663
1415
360
64
51
0
0
16
10
0
3
0
0
4
8
13
6
0
0
0
0
0
0
4
11
11
4
12
13
4
3
3
0
0
0
4
7
0
0
0
0
0
1
0
0
0
5
4
17
3
0
0
0
0
0
0
8
2
0
0
0
0
0
0
0
2
1
4
0
0
0
0
0
5
0
0
0
0
0
0
1
2
0
0
3
7
0
0
0
0
0
0
0
0
1
0
17
6
2
0
7
9
1
0
0
0
0
0
0
0
0
0
4
21
14
0
1
1
0
4
4
2
0
3
1
0
0
12
2
0
0
0
0
0
1
2
11
0
0
5
0
0
0
0
5
6
2
0
0
0
0
0
2
0
0
0
0
0
0
0
0
2
2
2
5
5
0
0
0
2
0
0
0
2
0
0
0
0
0
4
9
0
4
0
1
0
5
0
0
0
0
0
1
0
0
0
2
1
2
0
6
13
6
0
0
3
0
0
0
0
0
0
0
0
0
0
1
7
3
0
0
0
0
0
0
0
0
0
0
2
0
0
0
2
5
1
0
0
0
0
4
0
3
4
14
13
16
0
0
1
12
11
4
1
0
0
0
1
0
0
0
0
2
11
6
2
0
0
0
0
0
4
2
0
0
0
0
0
0
0
0
0
0
0
5
7
5
0
0
0
0
0
1
1
5
1
0
0
1
12
0
0
0
0
0
3
0
1
0
0
0
11
15
0
0
4
1
0
0
0
0
0
0
0
1
1
0
0
0
0
4
0
0
0
0
0
0
10
10
7
10
5
4
0
0
0
1
0
0
0
0
0
0
3
2
2
0
0
0
2
0
0
2
6
7
6
0
0
7
13
1
0
0
0
0
0
0
5
10
0
0
0
0
2
1
0
3
0
0
0
2
0
4
0
0
0
0
0
0
1
0
0
0
5
0
0
0
1
0
4
7
0
0
0
0
0
1
0
0
0
0
0
0
0
0
0
0
0
3
0
0
0
0
0
1
0
1
0
2
0
2
0
0
9
20
0
0
0
0
3
2
0
3
0
0
0
0
2
14
16
3
0
0
1
3
0
0
0
0
1
9
4
1
0
3
5
1
0
0
2
5
1
4
0
0
0
0
0
2
5
7
0
0
0
0
2
3
0
0
0
1
1
0
0
0
0
0
0
0
5
11
0
0
0
0
0
0
0
1
4
5
0
0
0
0
0
1
5
4
0
0
0
0
0
0
7
4
0
1
0
0
0
0
0
0
0
0
0
0
0
0
0
0
0
0
0
0
0
0
1
0
0
0
0
0
0
0
0
0
0
0
0
0
0
1
5
11
0
0
1
16
8
3
2
4
0
0
0
0
0
1
0
4
4
0
0
0
0
0
0
0
3
1
0
0
0
0
0
1
0
0
0
0
0
3
6
4
0
3
0
2
4
12
3
2
0
2
0
1
0
0
0
0
0
0
0
1
3
0
0
2
8
9
0
0
0
1
1
0
0
0
0
0
0
0
2
1
0
0
0
0
0
0
0
0
0
0
2
3
0
0
0
4
2
5
0
0
0
0
0
2
0
0
0
0
0
0
0
0
0
0
3
1
0
1
0
0
0
0
1
0
0
0
0
0
0
0
7
13
0
0
0
0
0
0
0
0
0
0
0
2
0
2
0
0
0
0
0
0
0
0
0
0
1
0
0
0
0
0
0
0
0
0
0
0
0
0
3
0
1
0
0
0
6
5
0
0
0
0
0
0
0
0
0
0
0
0
0
0
0
2
0
2
2
15
0
0
0
0
0
0
0
0
0
0
0
1
2
0
0
0
0
0
0
0
0
0
0
0
6
5
0
0
0
0
0
1
0
0
0
0
0
0
0
1
0
0
0
0
0
0
0
3
0
1
0
0
0
0
0
0
1
0
0
1
1
0
0
0
6
9
0
0
0
0
0
0
0
0
0
1
0
0
0
3
0
0
0
0
