0
0
8
24
9
0
0
0
0
0
0
0
0
0
0
8
0
0
0
1
0
0
0
6
0
0
0
0
0
0
0
2
0
3
2
0
0
0
0
0
3
0
0
0
0
0
0
0
0
0
2
2
0
0
0
1
0
7
9
5
0
9
0
0
0
0
0
2
0
2
0
0
0
2
0
5
3
5
0
1
5
11
0
0
1
13
13
4
4
1
0
0
0
0
0
0
0
5
7
0
0
0
0
0
0
0
8
2
0
0
0
0
0
0
0
0
0
2
0
0
0
7
0
0
0
5
1
0
0
0
0
0
0
0
0
0
4
0
0
0
0
2
3
6
1
0
3
7
0
0
0
0
0
1
0
0
0
0
0
3
13
20
4
27
43
82
489
1690
1249
298
34
38
27
9
8
4
0
2
3
11
15
4
2
0
0
0
0
0
3
12
8
3
10
12
2
3
3
0
0
0
3
5
0
0
0
0
0
0
0
0
1
5
3
17
6
0
0
0
0
0
0
8
2
0
0
0
0
0
0
1
2
2
6
0
0
0
0
0
3
0
0
0
0
0
0
0
3
0
0
5
5
0
0
0
0
0
0
0
0
1
1
16
6
0
0
7
7
2
0
0
0
0
4
0
0
0
3
0
20
15
0
0
3
0
4
4
0
0
3
2
0
1
10
2
0
0
0
0
0
0
1
9
0
0
5
2
0
2
0
5
5
3
0
0
0
0
0
1
0
0
0
0
1
0
2
0
1
0
3
6
6
0
3
0
3
0
2
2
3
0
0
0
0
0
2
10
2
6
0
0
2
6
0
0
0
2
0
0
0
0
0
3
0
1
0
10
13
8
0
0
5
0
0
0
2
0
0
0
2
0
0
2
8
2
0
0
0
0
0
1
0
0
0
2
3
0
0
0
2
8
2
2
0
0
0
4
0
3
2
15
19
16
0
0
2
10
14
4
0
0
0
0
1
0
0
0
0
5
11
5
4
0
0
0
0
0
4
4
0
0
0
0
0
0
0
1
0
0
0
5
4
4
0
4
0
0
0
0
4
6
2
0
0
1
10
1
0
0
0
0
2
0
1
0
2
0
10
16
0
0
4
3
0
0
0
0
0
0
0
4
0
0
0
0
0
2
0
0
0
0
0
0
10
9
10
8
6
5
0
0
0
0
0
0
0
0
0
0
2
0
4
2
1
0
1
2
0
2
4
6
8
0
0
8
11
2
0
0
0
0
1
0
3
9
0
0
0
1
1
0
0
4
0
1
0
0
0
5
0
0
0
0
0
0
0
0
0
0
6
0
2
3
2
0
4
4
0
0
0
0
0
0
0
0
0
0
0
0
0
0
0
0
0
3
0
0
0
0
0
2
0
1
0
2
0
1
0
0
11
21
0
0
0
0
4
1
0
4
3
0
0
0
0
12
15
5
0
0
0
2
0
0
0
0
4
9
7
0
0
5
5
0
0
1
2
4
1
3
0
0
0
0
2
3
7
6
0
0
0
1
2
2
0
0
2
1
0
0
0
0
0
0
0
0
5
8
0
0
0
0
0
0
0
2
4
3
1
0
0
0
0
2
4
2
0
0
0
0
0
0
10
4
0
0
1
0
2
0
0
0
0
0
0
0
0
0
0
0
0
0
0
0
0
0
1
0
0
0
0
0
0
0
0
0
0
0
0
1
0
0
5
14
0
0
1
17
10
5
1
3
0
0
0
0
1
0
2
3
6
0
0
0
0
0
0
0
4
0
0
0
0
0
0
1
0
0
0
0
0
2
5
2
3
0
0
0
3
10
4
0
0
0
0
2
0
0
0
0
0
0
0
1
8
0
2
1
7
9
1
0
1
0
2
0
0
0
0
0
0
0
0
0
0
0
0
0
0
0
0
0
0
0
4
5
0
0
0
3
5
5
0
0
0
0
0
2
0
0
0
0
0
0
0
0
0
1
4
4
0
1
0
0
0
0
0
0
0
0
0
0
0
0
6
13
0
0
0
0
0
0
0
0
0
0
0
0
0
0
0
0
0
0
0
0
0
0
0
0
3
4
0
0
1
0
2
1
1
0
0
0
0
0
0
0
0
0
0
0
3
4
0
0
0
0
0
0
0
0
0
0
0
0
0
0
0
0
0
1
7
13
0
0
0
0
0
0
0
0
0
0
1
1
6
0
0
0
0
0
0
0
0
0
0
0
2
2
0
0
0
0
0
0
0
0
0
0
0
0
0
4
0
0
0
0
0
0
0
1
0
0
0
0
0
0
0
1
0
3
0
1
4
2
0
0
10
10
0
0
0
0
0
0
0
0
0
2
0
0
0
5
0
0
0
0
