0
0
11
25
12
0
0
2
0
0
0
0
0
0
6
10
2
0
1
1
2
0
0
4
0
0
0
1
0
1
0
4
0
8
4
3
0
3
0
0
2
0
0
0
0
0
0
0
0
0
3
1
0
0
0
1
2
8
18
2
4
9
5
0
0
0
0
1
0
0
4
0
0
0
2
3
7
6
0
3
8
10
0
0
2
16
11
5
6
4
0
0
0
0
0
0
0
8
5
0
0
0
0
0
0
0
14
0
2
0
0
0
0
0
1
0
4
0
0
0
3
4
0
0
2
4
3
1
0
0
1
1
0
0
0
0
7
0
0
0
0
2
8
6
0
0
3
7
0
0
0
0
2
1
0
0
0
0
1
2
16
13
4
5
10
26
49
94
578
1662
1073
218
65
52
15
6
3
7
4
14
13
10
1
2
0
2
0
0
2
16
9
5
13
15
4
5
4
0
0
0
7
8
2
0
0
0
2
0
0
0
5
5
9
20
7
0
1
0
0
0
0
7
3
0
0
0
0
1
0
3
0
6
2
3
0
0
0
0
4
1
0
0
0
0
0
1
4
0
0
7
12
0
0
0
0
0
0
0
0
0
6
15
8
0
0
5
9
1
0
0
0
0
1
1
0
0
3
6
17
18
0
3
0
3
0
8
0
0
4
4
0
2
11
4
0
0
0
0
3
3
4
9
0
0
10
1
1
0
5
4
6
0
0
0
0
0
0
2
0
0
0
2
1
2
0
2
0
3
1
9
3
3
0
2
2
2
0
4
0
0
0
0
0
0
7
12
1
6
3
0
5
5
0
0
0
0
3
0
0
0
2
0
2
1
0
9
15
5
0
0
4
1
0
2
0
0
0
2
0
1
0
5
7
6
1
2
0
0
1
2
2
0
0
0
6
0
0
0
6
8
7
0
2
0
3
2
1
2
5
12
20
15
0
1
2
10
13
5
0
1
0
0
1
0
0
0
0
8
12
9
3
3
0
1
0
0
6
5
0
0
0
0
1
0
1
1
4
1
3
4
9
3
2
0
3
0
2
0
6
6
4
0
0
2
11
5
0
0
0
3
2
0
0
0
2
4
10
19
0
2
4
7
0
1
0
0
0
0
2
5
2
0
1
0
4
0
4
0
1
0
0
0
13
8
14
8
10
3
0
0
1
0
0
0
0
0
0
3
2
4
3
3
0
0
2
4
1
5
7
10
8
3
1
7
13
2
0
0
2
0
5
0
8
9
4
0
4
0
6
0
0
0
0
0
4
0
3
3
1
0
0
0
0
0
2
0
0
0
4
3
3
6
2
2
3
7
0
0
0
2
2
1
0
0
0
0
1
0
2
0
0
0
2
5
4
0
0
0
1
1
2
0
2
1
1
0
0
0
11
19
2
0
0
0
0
4
0
6
0
1
0
2
2
18
16
6
0
0
3
3
0
0
0
0
3
10
8
0
2
3
8
0
1
0
6
3
5
0
5
2
0
0
1
0
9
7
1
0
0
1
2
3
0
1
2
6
0
0
0
0
0
1
2
1
8
12
0
3
4
0
0
0
0
2
8
4
6
0
2
0
2
3
8
1
0
0
3
0
0
0
9
2
2
1
0
0
2
1
0
0
0
0
0
0
0
0
0
0
0
1
0
2
0
1
2
2
2
1
0
0
2
0
0
0
0
0
0
0
3
0
10
13
0
0
4
14
12
2
1
0
0
0
0
0
2
2
2
5
4
0
0
0
0
1
0
0
6
2
0
0
0
1
0
5
0
0
0
0
0
4
9
3
3
1
0
0
8
9
8
1
1
0
1
0
4
0
0
0
0
0
0
2
6
1
1
1
6
10
0
3
0
0
1
0
0
0
0
4
0
1
5
5
0
0
1
4
0
0
0
0
0
0
8
5
2
0
3
1
8
2
0
0
2
0
2
0
0
0
0
0
0
0
0
0
2
2
2
2
0
4
0
1
0
0
1
1
0
4
1
0
0
3
10
16
0
0
2
0
0
0
0
0
3
0
2
1
0
1
4
0
0
0
0
0
1
0
0
0
4
2
0
0
0
0
1
3
0
0
0
0
0
0
0
2
1
0
0
3
5
8
0
2
0
1
0
0
0
0
2
0
0
0
2
0
2
0
5
0
11
12
1
0
0
0
0
0
0
0
0
0
2
1
2
0
0
0
0
0
0
0
0
0
0
0
5
7
2
0
0
2
0
5
2
1
0
0
1
1
3
5
3
0
2
0
2
0
2
0
4
0
0
0
3
0
0
0
3
0
0
1
4
1
0
0
7
13
0
0
0
0
0
1
0
1
0
2
0
1
1
7
2
1
0
0
