1
4
14
27
14
3
2
6
0
2
0
3
0
0
6
13
1
1
3
2
2
0
1
6
8
0
0
1
7
0
2
3
4
9
9
5
0
6
0
0
6
1
0
2
1
1
0
4
2
1
5
5
2
1
0
7
1
10
16
6
2
13
3
0
0
0
0
3
5
4
8
2
3
2
7
3
13
7
5
4
13
13
0
0
6
19
15
9
6
9
0
1
0
2
0
1
0
14
11
2
1
0
3
3
0
0
15
3
1
1
0
0
2
1
2
0
4
1
3
1
6
7
1
0
6
7
12
3
1
0
4
0
0
3
2
2
9
2
3
0
0
7
9
17
3
3
4
15
0
1
1
0
2
5
0
0
0
0
2
6
16
14
3
1
5
9
14
32
56
100
632
1611
927
178
58
44
15
5
27
15
16
10
4
5
1
1
0
1
5
18
11
10
14
15
8
8
4
2
0
3
7
7
7
2
0
0
2
0
0
0
5
4
9
17
11
0
4
0
3
0
0
7
10
0
1
0
3
0
1
6
3
8
4
2
1
3
0
0
7
4
1
1
1
0
0
2
5
0
1
7
11
0
0
0
0
0
0
0
0
0
3
15
11
0
0
4
11
2
2
0
4
0
6
0
0
0
3
4
19
19
0
4
3
2
3
10
3
4
3
6
1
6
13
6
0
0
0
1
3
4
3
11
0
3
9
2
0
2
3
7
9
2
3
0
3
0
2
3
5
0
5
2
3
0
3
3
5
6
0
11
7
3
0
3
4
8
1
7
3
5
0
2
1
1
7
14
3
7
2
1
5
9
0
0
0
1
3
2
1
2
4
3
6
3
6
11
18
10
0
0
3
1
0
2
0
2
3
3
0
3
0
7
9
9
2
4
0
4
0
8
1
5
0
4
5
2
0
2
4
8
5
2
2
2
3
2
5
3
7
13
21
17
2
0
7
13
16
5
3
2
0
0
2
2
0
1
0
8
12
9
5
2
0
3
0
0
8
8
0
3
2
2
2
1
1
3
3
0
2
7
11
7
2
4
5
0
6
2
10
6
6
0
3
3
14
6
2
0
1
3
2
0
2
0
2
6
12
20
0
4
8
8
0
0
0
5
0
3
1
5
2
3
3
0
2
4
3
0
1
0
0
0
31
11
16
11
8
4
5
2
4
0
2
0
3
0
1
2
4
5
2
2
3
1
3
5
4
7
8
14
8
4
3
13
17
5
0
2
3
2
5
3
9
11
4
0
4
1
6
0
1
6
1
0
6
2
6
5
1
0
4
2
2
0
4
0
0
0
5
2
3
3
3
4
7
9
2
2
0
3
3
6
0
3
0
2
2
2
0
2
1
0
4
5
3
0
0
0
2
1
3
0
4
1
6
1
4
0
14
23
3
0
3
5
2
3
3
4
1
0
0
1
6
17
16
7
1
3
3
8
2
4
0
0
6
13
10
2
2
7
10
3
2
1
7
4
8
2
3
3
3
0
8
4
11
9
5
1
3
3
6
5
2
2
4
3
1
1
0
0
1
2
1
2
8
15
0
4
5
3
0
2
0
6
8
7
4
1
0
0
0
2
10
3
2
0
3
0
0
0
14
6
6
2
5
0
3
2
2
1
0
0
0
0
0
0
0
1
1
0
0
1
2
2
1
2
1
4
0
1
2
3
1
2
1
2
0
1
3
1
9
14
0
0
8
16
14
2
7
3
4
0
3
2
6
4
3
7
7
0
0
0
0
0
0
0
9
5
0
0
0
0
0
6
0
0
0
2
0
9
10
7
8
7
0
2
9
12
7
1
4
1
1
1
5
0
0
0
4
1
2
2
10
1
4
4
13
12
2
3
0
1
2
0
0
1
3
2
1
0
5
6
2
0
1
7
1
2
0
2
0
0
8
10
5
1
1
6
10
4
2
0
2
1
5
0
2
0
1
0
4
0
1
1
2
4
7
3
3
4
5
3
0
0
1
1
1
3
0
2
3
4
11
19
1
3
3
1
0
6
0
6
2
3
4
4
1
5
6
0
2
0
1
0
2
0
0
0
9
5
3
2
3
0
3
4
0
0
0
1
0
0
3
1
1
1
1
3
6
9
1
2
2
0
0
4
3
3
0
4
0
3
2
4
4
5
3
2
9
17
4
0
1
0
3
0
0
0
2
1
7
2
5
1
2
1
2
0
0
1
1
3
0
0
8
8
0
1
0
2
0
6
4
3
0
3
1
7
3
8
3
5
1
4
2
2
2
4
2
2
0
0
6
1
3
1
5
1
4
5
8
3
5
2
12
15
1
0
1
0
0
0
0
0
0
3
1
2
4
8
4
3
0
5
