0
0
14
31
14
2
2
6
0
0
0
1
2
0
7
13
0
1
6
4
4
1
3
10
7
0
0
3
6
3
0
6
1
13
8
7
1
8
0
0
7
3
0
0
0
0
0
0
1
1
7
6
2
0
0
5
2
11
17
6
5
12
8
0
2
0
2
4
4
3
8
1
4
3
8
5
8
9
2
6
11
16
0
3
4
21
14
11
8
10
0
0
0
0
0
1
0
11
9
0
0
0
2
3
0
0
18
7
2
0
0
0
0
1
3
0
7
4
3
0
7
7
1
0
5
8
10
4
0
3
3
4
0
5
2
4
10
3
5
3
1
9
11
13
3
0
10
14
0
0
0
0
2
4
0
0
0
0
1
4
16
13
3
0
2
0
3
1
7
9
0
25
62
118
768
1401
631
112
62
46
25
14
5
9
0
2
0
2
4
20
11
7
13
17
8
8
5
2
0
1
8
11
5
4
0
0
0
0
0
2
5
6
10
18
10
0
3
0
1
0
0
8
7
2
0
3
2
2
0
5
3
7
5
2
0
5
0
0
4
2
0
0
3
2
0
2
5
0
0
5
10
1
0
0
0
0
0
0
0
0
6
13
11
0
3
5
12
6
4
1
3
1
4
3
0
2
3
8
20
20
1
7
4
3
4
9
3
2
6
4
1
5
14
4
0
0
0
0
3
5
6
11
0
0
9
3
3
0
5
6
8
0
4
0
3
3
1
2
4
0
6
1
7
1
6
3
4
5
3
12
6
3
4
3
5
5
2
7
4
4
0
0
2
1
8
15
5
9
4
0
3
5
2
0
0
0
4
3
3
2
3
2
8
5
7
11
18
9
0
0
7
2
2
4
1
3
0
3
1
3
0
6
8
8
3
3
1
4
0
4
1
3
0
1
6
3
0
0
5
10
5
1
1
2
1
3
5
4
24
14
23
16
2
2
24
13
17
6
6
1
1
1
4
3
0
3
0
10
12
9
6
3
0
4
0
0
7
7
2
2
2
0
4
0
3
3
1
0
1
5
11
7
0
3
2
0
2
0
9
8
7
2
2
4
16
4
1
0
3
4
5
0
1
1
3
4
12
22
0
4
6
9
0
2
0
3
0
4
3
7
7
2
0
1
1
4
3
1
2
4
0
0
16
13
14
12
12
3
4
0
3
0
2
0
3
0
2
2
7
5
4
3
1
0
4
4
1
6
9
12
9
5
1
13
13
6
0
2
1
2
4
5
7
14
2
0
1
3
5
1
0
4
0
0
4
2
5
6
1
1
4
1
1
2
5
2
0
0
5
3
3
7
5
1
9
9
1
4
2
4
2
7
1
3
0
6
3
5
0
2
1
1
2
7
1
0
0
0
0
1
3
2
3
4
4
1
1
1
13
22
9
1
1
1
7
3
2
6
3
2
0
1
4
18
15
9
0
4
5
9
0
3
0
0
6
17
11
5
3
8
9
1
1
2
7
5
6
3
3
1
1
0
6
5
11
10
4
1
5
4
4
4
5
1
5
5
1
1
0
0
0
6
3
3
10
17
0
7
3
3
0
5
0
9
7
10
4
3
0
2
0
4
9
4
3
1
4
0
0
0
11
6
7
3
4
1
5
3
1
0
2
0
1
1
2
0
0
0
0
1
0
4
3
6
4
3
1
6
0
4
2
2
1
3
0
1
0
5
4
2
9
13
0
0
4
16
15
6
5
4
1
0
1
1
7
6
2
8
8
0
2
0
0
3
0
0
6
3
0
0
0
2
2
5
0
3
0
3
0
8
12
8
6
4
0
3
6
15
8
3
1
2
0
2
3
0
1
0
2
0
2
3
11
2
6
5
11
14
5
4
4
3
3
0
0
4
2
4
3
4
3
6
0
2
4
5
2
2
0
2
0
0
10
8
4
1
2
4
9
6
2
1
1
2
2
2
2
0
2
0
4
0
3
2
6
3
10
5
5
4
5
1
1
3
2
4
0
4
4
3
2
5
14
19
2
3
4
0
0
1
0
3
4
3
4
2
2
3
6
2
3
1
2
0
2
0
0
0
9
5
3
2
7
0
5
3
3
0
2
0
2
1
4
4
4
4
2
6
7
11
0
5
2
4
0
3
1
0
1
2
1
0
1
2
4
1
0
3
12
13
2
0
0
0
4
1
4
0
2
0
9
4
6
0
2
1
3
2
2
1
1
3
0
0
6
10
2
3
1
4
1
8
4
4
2
0
1
3
6
5
4
3
3
0
2
1
3
4
6
2
0
0
8
0
5
3
6
0
4
4
9
5
4
3
13
17
0
0
1
3
2
4
0
4
1
5
2
3
7
10
6
3
0
1
