2
0
31
25
16
4
5
6
2
0
1
2
3
0
11
16
0
3
0
6
1
2
1
9
3
0
0
2
5
1
1
4
1
8
7
5
0
4
0
0
4
0
0
0
0
0
2
0
3
1
7
5
6
0
2
6
4
10
20
5
6
16
7
2
0
1
0
7
3
6
5
3
2
2
4
4
8
7
3
4
11
13
0
1
5
19
17
8
7
6
0
0
0
0
0
0
0
11
13
0
0
1
5
4
0
0
19
6
4
4
2
0
2
2
3
1
4
6
0
2
5
5
1
0
3
6
10
2
0
0
1
0
0
3
2
0
9
0
5
0
0
6
11
14
6
0
7
12
0
0
2
0
2
4
0
0
0
1
1
7
17
12
0
1
0
2
0
2
1
4
0
0
24
38
54
131
793
1278
515
96
56
36
7
6
4
3
0
0
6
17
12
8
15
16
6
6
8
2
2
3
10
11
5
6
3
1
4
4
1
5
4
7
9
22
7
1
1
0
0
0
0
11
6
0
0
0
0
0
0
4
3
6
5
0
0
1
0
0
4
2
0
0
3
1
0
3
8
0
1
10
14
3
1
2
0
1
0
2
0
3
5
19
11
4
0
7
8
4
3
3
0
1
2
3
0
0
2
7
21
18
0
2
1
0
5
8
3
1
5
5
1
5
14
7
2
0
3
2
6
5
7
15
0
5
12
4
3
4
6
9
7
4
4
2
0
1
2
3
3
0
1
2
2
0
1
1
2
4
2
7
5
2
1
2
4
4
3
6
5
5
2
3
3
2
11
15
7
11
5
5
9
10
3
1
1
4
2
2
1
2
3
3
4
1
6
12
15
7
0
0
3
1
1
1
3
2
0
0
3
0
1
5
9
6
1
0
1
1
2
5
4
4
2
5
9
4
1
2
7
12
6
2
4
3
3
6
3
4
6
15
19
16
1
1
4
13
15
6
2
1
1
0
1
0
0
0
0
5
13
9
5
1
0
2
0
0
9
7
4
3
5
2
5
3
4
5
5
5
4
7
9
8
0
2
3
2
1
0
7
9
8
0
0
3
13
5
1
0
0
4
5
0
1
0
3
2
11
18
0
1
7
7
1
0
0
2
1
3
4
7
6
5
3
3
4
3
5
0
1
0
0
0
17
11
13
9
8
4
0
0
1
1
0
0
0
0
0
2
1
3
4
2
0
0
0
6
2
6
8
12
9
4
4
12
19
8
2
2
4
3
8
4
11
11
4
0
4
0
4
2
0
5
0
0
1
2
2
4
0
0
0
0
0
0
2
0
0
0
6
5
2
2
3
2
8
8
2
4
3
4
4
8
5
0
1
3
5
3
5
3
2
0
4
6
2
0
1
0
0
2
2
1
0
1
2
1
0
0
13
23
4
0
0
0
4
4
3
6
1
2
0
2
4
17
14
8
1
3
4
8
3
3
0
0
9
14
13
3
5
8
11
3
2
2
6
4
5
2
1
3
0
0
1
3
9
10
0
2
1
3
3
4
2
3
3
5
3
1
0
0
0
3
1
3
8
16
0
8
7
4
3
3
0
9
12
12
7
1
1
0
1
1
9
7
1
0
1
2
0
0
11
7
5
4
0
3
5
2
1
0
0
2
0
1
0
0
1
0
0
3
0
2
2
4
4
7
2
6
2
3
4
3
5
5
1
0
1
4
3
3
11
16
0
0
4
14
11
4
5
5
0
1
0
1
6
4
0
7
6
2
1
0
0
1
0
0
8
6
0
2
1
0
3
6
3
3
1
2
4
9
15
11
9
6
2
5
9
13
6
0
2
4
0
1
1
0
1
0
0
3
1
4
7
3
2
6
12
12
1
4
1
3
2
3
0
3
3
4
1
2
5
8
1
2
4
6
3
3
2
2
0
0
13
9
3
2
3
6
8
7
1
1
1
1
3
5
0
0
0
0
0
0
0
2
2
5
4
5
3
6
2
5
1
0
2
2
0
4
6
2
3
4
14
20
6
4
5
4
4
3
0
5
3
3
5
3
2
4
3
1
2
0
1
2
1
1
0
0
6
3
2
2
1
0
2
4
3
0
1
2
0
2
5
4
2
0
2
4
11
13
4
3
5
3
5
4
6
4
3
4
1
2
3
2
2
2
3
2
9
17
2
1
1
0
1
0
0
1
1
0
4
5
5
2
1
0
2
1
3
2
2
1
0
0
10
11
7
5
4
4
3
8
7
5
6
4
2
6
6
7
6
4
3
2
3
3
2
4
4
1
0
0
3
2
2
2
5
2
3
5
5
1
1
2
10
17
0
0
1
1
1
0
1
3
3
4
4
5
8
10
8
4
5
4
