0
1
15
26
14
2
1
5
0
1
0
4
0
0
4
15
0
2
0
8
0
2
0
9
0
0
0
0
1
0
0
3
0
9
4
5
0
4
0
0
3
1
0
0
1
0
0
0
4
0
5
3
1
0
1
5
3
11
16
8
1
14
3
1
0
0
0
6
0
6
4
2
0
3
3
6
8
7
0
2
9
13
0
0
2
18
15
7
6
4
0
0
0
0
0
0
0
11
10
1
0
0
1
1
0
0
13
5
1
1
0
0
0
2
0
3
0
4
0
2
3
8
0
0
1
6
7
3
0
1
1
1
0
0
1
1
5
3
4
0
0
7
9
14
6
1
13
15
0
0
1
0
2
3
0
0
0
0
0
7
11
15
0
2
0
1
0
4
0
4
0
0
14
10
13
35
47
149
808
1160
421
78
38
25
5
5
3
1
6
17
13
5
15
15
8
7
8
2
1
3
7
9
4
4
0
2
0
2
0
3
3
8
9
23
5
0
0
0
0
0
0
11
4
0
0
2
0
1
0
4
0
6
4
0
0
2
0
0
5
1
1
0
2
0
0
3
6
2
0
7
12
4
0
1
0
0
0
3
0
4
4
18
5
0
0
8
7
3
0
0
0
2
2
1
0
0
0
4
18
19
0
1
2
2
2
8
1
1
4
6
2
4
16
5
1
0
1
1
1
6
6
13
0
1
4
4
0
5
1
8
7
2
0
0
0
2
0
3
1
0
0
1
0
2
2
0
1
3
0
8
4
3
0
0
3
3
2
7
4
2
0
0
0
0
10
13
3
10
1
2
3
8
1
1
0
2
3
3
0
1
2
7
4
6
1
10
15
9
0
0
2
1
1
0
1
0
0
2
3
0
1
4
8
5
3
0
0
0
3
3
4
1
3
1
7
1
0
1
3
8
3
3
0
3
1
5
1
5
3
17
20
19
0
3
1
14
13
7
1
3
0
0
1
0
0
1
0
7
13
8
4
1
1
0
0
0
8
4
5
0
2
0
2
0
0
1
0
2
1
5
7
6
0
4
0
1
0
3
5
11
4
3
0
4
11
6
0
0
0
1
2
0
0
0
2
0
13
20
1
0
7
6
1
0
0
0
0
0
4
5
3
1
0
0
1
3
2
0
0
1
0
0
12
12
13
13
5
7
0
3
0
3
0
1
0
0
0
1
0
5
4
1
1
0
3
4
2
3
10
11
9
2
3
7
15
4
1
0
5
0
5
0
5
14
0
0
0
2
5
1
0
4
0
2
3
5
0
8
0
1
0
3
0
1
0
3
0
0
7
2
3
3
2
1
5
7
3
0
4
3
3
3
2
0
1
3
3
1
0
1
0
1
0
6
1
1
0
0
1
5
0
3
0
4
0
2
0
2
13
23
3
3
0
4
2
3
4
5
2
1
0
2
5
16
17
7
1
1
4
3
5
0
0
0
8
14
8
1
0
7
6
5
1
5
5
9
3
6
3
7
0
4
3
8
7
11
3
3
0
5
3
7
1
0
1
4
5
2
0
0
2
3
2
3
11
13
2
5
7
1
0
2
0
3
6
8
1
0
0
2
0
4
6
6
1
1
1
4
0
0
10
9
1
7
0
4
1
4
0
2
0
1
0
1
1
0
0
1
0
0
1
2
5
3
4
1
1
4
0
1
1
3
0
0
0
0
0
3
2
2
6
14
0
0
3
21
12
10
3
7
0
1
0
4
3
7
2
10
4
2
0
1
0
4
0
0
7
4
0
1
1
0
3
3
1
0
0
1
0
6
8
7
4
4
0
4
5
13
6
3
0
4
0
4
0
3
0
2
0
3
1
6
7
6
2
5
8
13
1
4
0
3
4
2
0
0
5
5
2
2
6
4
3
0
5
5
1
1
0
0
0
0
7
7
1
2
0
5
5
7
0
2
1
4
0
6
0
0
0
1
0
2
0
1
0
3
6
5
0
6
1
1
0
0
1
0
3
4
3
1
4
3
14
16
3
0
3
0
0
1
0
4
1
4
3
6
0
6
2
5
0
3
0
0
0
0
0
0
5
3
0
1
1
0
1
4
0
1
0
0
0
0
2
2
3
1
1
3
8
7
3
0
2
1
0
1
0
0
0
2
1
4
0
5
1
4
1
6
12
16
0
0
0
0
0
2
0
1
0
0
1
5
1
0
0
0
0
0
0
0
1
2
0
0
7
7
3
0
3
1
0
6
6
3
1
1
0
4
2
9
1
3
0
4
1
5
0
6
0
2
0
0
0
0
0
2
1
0
0
5
3
5
1
3
10
14
0
0
1
2
1
1
0
1
1
3
3
2
5
9
4
2
1
0
