0
3
14
28
15
2
3
6
0
2
0
1
3
0
6
14
0
0
3
5
0
0
0
8
4
0
0
3
6
0
2
3
3
11
11
8
3
10
0
5
29
63
162
662
969
449
106
22
13
6
7
8
4
0
0
3
4
11
21
6
6
12
8
0
3
0
1
4
6
4
7
0
4
3
5
4
9
5
3
1
11
13
0
0
6
22
17
9
9
10
0
3
0
2
0
0
0
11
10
2
0
2
2
4
0
0
19
4
3
0
0
0
2
2
2
3
6
3
2
1
6
10
0
0
3
7
10
2
0
2
5
3
0
6
2
5
8
5
5
3
0
10
12
16
7
4
13
15
0
0
0
0
2
4
0
0
0
0
1
5
17
11
4
0
3
1
0
0
0
0
0
0
9
1
2
0
0
0
2
11
12
8
0
2
0
1
0
0
3
20
24
8
16
14
2
8
6
1
0
1
7
10
3
3
2
0
3
1
1
2
6
5
11
21
8
0
2
0
0
0
0
11
3
0
0
0
2
1
0
4
2
6
4
2
0
5
0
0
8
6
2
1
2
4
1
4
5
1
2
8
12
1
0
0
0
0
1
0
1
0
7
17
11
0
2
6
11
3
0
0
0
2
2
0
0
2
1
5
20
18
0
4
0
1
3
9
0
2
4
7
0
7
14
9
0
1
2
0
2
5
6
14
0
1
12
1
5
2
4
7
12
1
3
0
3
0
1
2
2
1
0
0
3
3
0
3
4
4
2
9
6
3
2
4
0
3
4
9
0
4
0
0
0
1
8
13
4
9
4
0
5
8
0
0
0
0
7
1
3
1
4
3
11
3
5
10
19
8
0
0
5
3
2
3
1
3
0
4
2
3
0
8
9
9
2
4
0
4
1
5
2
3
1
1
8
2
0
1
6
7
5
2
4
1
2
2
6
3
24
13
23
18
5
0
24
11
16
6
3
1
0
2
3
0
0
2
0
9
12
12
5
2
0
2
0
0
8
4
3
1
3
0
3
1
3
4
2
0
3
7
10
7
1
4
5
0
5
3
8
7
9
1
2
3
16
6
1
0
2
4
7
1
2
2
1
4
11
19
0
4
10
8
0
0
0
1
0
0
4
4
4
0
0
0
0
4
4
0
1
1
0
0
15
12
15
12
9
3
4
3
4
0
3
0
1
0
2
2
4
5
4
3
3
4
5
6
2
8
8
15
11
2
1
13
15
3
1
0
3
0
6
0
8
13
2
0
0
3
3
0
1
4
1
0
4
1
7
5
4
0
3
0
3
1
5
2
0
0
8
6
1
6
4
4
7
9
1
3
4
4
1
8
1
1
1
1
2
1
1
0
2
0
2
8
2
0
0
0
0
2
2
1
3
4
3
3
3
0
18
24
5
1
2
2
6
3
3
7
1
1
0
4
2
20
17
11
1
3
2
6
2
3
0
0
9
13
8
3
0
6
9
3
0
2
7
5
7
3
6
2
1
1
7
4
10
9
4
2
3
5
5
5
4
2
5
4
0
2
0
0
3
5
2
5
8
15
0
8
5
3
1
4
0
6
8
6
4
1
1
0
0
4
7
4
1
0
3
1
0
0
13
4
6
1
3
1
6
5
2
0
2
1
1
2
1
1
0
1
0
1
0
5
1
4
3
5
1
7
1
3
1
2
2
2
1
0
0
6
2
3
8
14
0
0
24
16
18
5
6
3
1
1
1
0
7
6
5
8
6
0
1
1
0
4
0
0
8
6
0
2
1
1
3
7
0
3
0
3
1
11
10
9
5
5
0
2
9
13
7
2
4
2
2
2
4
1
2
0
5
1
3
4
11
2
3
5
11
14
2
5
2
5
3
1
0
1
2
5
2
3
4
6
0
3
2
6
1
5
1
1
0
0
9
8
3
1
3
4
9
7
2
0
3
0
5
1
0
0
1
0
2
0
1
1
4
4
7
5
3
6
0
2
0
0
3
1
2
5
0
1
0
4
13
20
2
2
1
3
0
6
0
4
3
3
3
3
0
2
5
3
5
0
3
1
3
0
0
0
8
5
1
1
4
0
3
5
3
2
0
0
0
2
1
2
4
2
0
5
7
10
2
4
5
4
0
2
4
2
2
2
1
4
4
2
4
3
7
3
15
16
5
0
4
0
5
1
1
0
2
0
6
4
5
2
1
1
2
2
2
0
0
2
0
0
9
8
3
2
2
3
0
7
4
7
2
3
5
5
6
9
6
4
4
1
5
1
7
5
7
2
0
0
6
2
3
1
4
3
1
4
6
1
3
2
12
16
1
0
0
2
3
2
0
4
1
4
2
4
6
10
6
5
2
2
