0
0
10
25
12
0
0
3
0
0
0
0
0
0
7
11
0
0
0
1
0
0
0
4
0
0
0
0
0
0
0
5
0
8
1
3
0
2
0
0
1
0
0
0
0
0
0
0
0
0
1
3
0
0
0
2
0
6
16
5
2
9
4
0
0
0
0
2
0
1
3
0
0
1
0
4
5
5
0
2
7
12
0
0
0
16
12
8
3
6
0
0
0
0
0
0
0
8
4
0
0
0
0
0
0
0
11
3
0
0
0
0
0
0
0
0
1
0
0
0
3
4
0
0
0
7
5
1
0
0
0
1
0
2
0
0
4
0
2
0
0
5
6
10
0
0
5
9
0
0
0
0
0
1
0
0
0
0
0
0
12
11
0
0
0
0
0
0
0
0
0
0
11
4
3
6
8
30
44
167
825
1040
342
62
33
21
0
2
5
17
8
4
12
16
6
6
5
0
0
0
6
7
0
0
0
0
0
0
0
0
5
5
8
18
7
0
1
0
0
0
0
9
5
0
0
2
0
2
0
2
0
6
4
1
0
1
0
0
5
1
0
0
0
0
0
0
5
0
0
5
9
0
0
0
0
0
0
0
0
0
3
12
9
0
0
4
10
2
1
0
0
0
1
1
0
1
0
7
14
18
0
2
1
1
1
5
0
0
1
2
0
3
12
3
0
0
0
0
0
2
2
9
0
0
7
0
2
2
2
7
6
0
1
0
2
0
0
1
0
0
0
1
2
2
0
2
0
6
0
9
4
1
0
0
0
0
0
3
0
0
0
0
0
0
4
11
0
8
1
0
1
2
1
0
0
0
0
0
0
0
2
0
2
2
2
11
13
6
0
0
2
3
0
4
0
1
0
0
0
0
0
3
6
2
0
0
0
0
0
0
0
0
0
1
3
0
0
0
3
7
2
0
0
0
1
0
3
3
24
13
20
15
0
0
1
10
12
9
0
2
0
0
0
2
0
0
0
5
7
4
2
0
0
0
0
0
4
3
0
0
1
0
0
0
0
1
1
0
0
4
11
6
0
1
2
0
1
0
6
7
4
0
0
3
8
4
0
0
0
3
1
0
0
1
0
1
7
15
0
0
2
3
0
0
0
0
0
0
0
3
0
0
0
0
0
2
2
0
0
0
0
0
10
9
13
9
8
3
0
0
0
0
0
1
0
0
0
2
1
6
0
0
1
0
0
0
0
2
6
9
8
1
0
6
12
3
0
0
2
0
2
1
5
12
0
1
2
0
3
0
0
3
0
1
1
2
2
7
0
1
0
2
0
1
1
2
0
0
2
3
0
3
0
0
3
7
0
0
0
1
0
1
0
0
0
0
0
0
0
1
0
0
1
6
0
0
0
0
0
2
0
2
0
4
0
1
0
1
10
26
1
1
0
0
0
1
0
3
0
1
0
0
0
14
14
7
0
0
2
3
0
0
0
0
4
12
10
1
1
4
6
0
0
0
4
6
4
2
2
0
0
1
1
4
6
8
0
1
1
6
0
4
0
0
1
4
1
0
0
0
0
1
0
0
6
12
0
0
2
0
0
1
0
1
5
4
1
0
0
0
0
0
7
3
1
0
3
0
0
0
8
8
0
3
0
4
0
4
0
0
0
0
0
0
0
0
0
0
0
0
0
0
0
1
1
0
0
0
0
0
0
0
0
0
0
0
0
0
2
0
8
12
0
0
4
16
12
6
4
5
0
0
0
2
0
6
0
8
2
0
0
0
0
0
0
0
3
3
0
0
0
0
0
2
0
0
0
0
0
6
9
4
1
1
0
0
5
10
7
0
0
0
0
0
2
0
0
0
0
1
0
3
4
2
0
4
4
10
0
3
0
1
0
0
0
0
0
0
0
0
0
1
0
0
0
2
0
0
0
0
0
0
6
3
1
0
1
3
6
5
0
1
0
2
1
2
0
0
0
0
0
0
0
4
0
1
2
3
0
1
0
1
0
0
0
0
0
0
0
0
0
0
8
15
0
0
1
0
0
0
0
2
0
0
1
0
0
1
4
1
1
0
1
0
0
1
0
0
4
3
0
1
0
0
0
2
0
0
0
0
0
0
0
0
0
0
0
0
6
4
0
0
0
0
0
0
0
0
0
0
0
0
0
0
2
2
3
5
9
15
0
0
0
0
0
3
0
2
0
0
0
2
0
0
0
0
0
0
0
0
0
0
0
0
4
5
0
0
0
0
0
4
1
2
0
0
0
0
0
5
0
1
0
0
0
2
2
5
3
1
0
0
2
1
0
0
0
0
0
2
2
1
0
1
6
13
0
0
0
0
0
0
0
0
0
3
0
0
1
7
2
0
0
0
