0
0
11
22
13
0
0
4
0
0
0
0
0
0
4
11
0
0
0
3
0
0
0
7
0
0
0
0
0
0
0
1
0
4
2
1
0
0
0
0
2
0
0
0
0
0
0
0
0
0
2
4
1
0
0
3
0
9
15
6
0
13
1
0
0
1
0
2
0
2
2
1
0
1
0
0
5
3
0
0
3
10
0
0
2
14
16
6
5
4
0
0
0
0
0
0
0
7
8
0
0
0
0
0
0
0
12
3
0
0
0
0
0
0
0
0
0
1
0
0
0
4
0
0
0
2
6
1
0
0
0
0
0
0
0
0
4
0
2
0
0
2
9
11
4
0
9
10
0
0
0
0
0
0
0
0
0
0
0
0
7
11
0
0
0
0
0
0
0
1
0
0
6
2
0
1
2
2
14
36
56
179
810
907
269
46
32
14
7
15
14
5
15
14
5
3
5
0
1
0
4
5
1
1
0
0
0
1
0
0
0
2
6
19
7
0
0
0
0
0
0
7
4
0
0
0
0
0
0
0
1
4
2
0
0
0
0
0
5
0
1
0
2
0
0
0
5
0
0
4
7
0
0
0
0
0
0
0
0
0
0
17
8
1
0
7
5
4
0
1
0
0
0
0
0
0
0
1
19
15
0
0
0
0
4
5
3
0
5
1
0
1
14
4
0
0
0
0
1
2
2
10
0
0
6
0
0
3
0
5
5
2
0
0
0
1
0
1
0
0
0
1
0
0
0
0
0
2
1
4
3
0
0
0
1
0
2
0
5
0
0
0
0
0
5
10
0
5
0
1
0
5
0
0
0
0
0
0
0
3
0
3
3
1
1
9
13
7
0
0
3
0
0
0
0
0
0
0
0
0
0
0
7
5
0
0
0
0
0
0
1
0
0
0
2
0
0
0
2
5
1
0
0
0
0
2
0
6
2
14
15
18
0
3
1
14
10
6
0
0
0
0
0
0
0
0
0
1
10
5
3
0
0
0
0
0
4
3
2
1
0
0
0
0
0
0
0
1
0
4
4
3
0
3
0
0
0
0
3
5
1
1
0
3
7
3
0
0
0
0
0
0
0
0
0
0
9
16
1
0
5
5
1
0
0
0
0
0
1
2
2
0
0
0
0
2
3
0
0
0
0
0
13
10
10
12
3
4
0
1
0
1
0
0
0
0
0
0
1
3
0
0
0
0
1
0
0
1
8
9
10
0
0
7
15
3
0
0
1
0
1
0
4
10
0
0
0
1
4
0
0
3
0
2
0
1
0
6
0
1
0
0
0
0
0
1
0
0
2
0
0
1
2
0
7
5
1
0
1
1
5
1
2
0
0
0
0
0
0
0
0
0
0
4
1
0
0
0
0
1
0
1
0
2
0
2
0
2
9
22
0
0
0
0
2
1
1
2
2
0
0
0
4
14
16
2
0
0
2
3
1
0
0
0
3
10
8
0
0
5
4
2
0
0
2
6
1
2
2
1
0
1
2
4
7
10
0
1
0
2
0
4
2
0
1
1
1
0
0
0
2
2
2
0
9
13
0
1
2
0
0
0
0
1
6
5
2
0
0
0
0
0
5
4
0
0
0
0
0
0
6
6
1
1
0
3
1
2
0
0
0
0
0
0
0
0
0
0
0
0
0
0
1
0
2
0
0
1
0
0
0
0
0
0
0
0
0
0
0
0
4
11
0
0
0
15
12
5
0
5
0
0
0
2
2
4
0
5
5
0
0
0
0
0
0
0
9
3
0
0
0
0
0
0
0
0
0
0
0
5
7
4
3
2
0
0
3
8
5
0
0
0
0
0
0
0
0
1
0
2
0
3
4
1
0
6
8
11
0
0
0
0
1
0
0
0
4
0
0
0
4
1
0
0
0
2
0
0
0
0
0
0
5
2
0
0
0
1
4
3
0
0
0
0
0
1
0
0
0
0
0
0
0
3
1
5
4
2
0
2
0
0
0
0
2
0
0
0
0
0
2
0
12
14
0
0
2
0
0
0
0
0
0
0
0
2
0
1
0
0
0
0
0
0
0
0
0
0
2
4
0
3
0
0
0
3
0
0
0
0
0
0
2
0
2
0
0
0
6
5
1
0
0
0
0
0
0
0
0
0
0
0
0
0
0
0
0
1
3
13
0
0
0
0
0
2
0
0
0
0
0
2
1
0
0
0
0
0
0
0
0
0
0
0
3
4
2
0
0
0
1
1
0
0
0
0
0
2
0
2
0
0
0
0
0
0
0
3
0
1
0
0
0
1
0
0
0
1
0
3
0
0
0
0
7
14
0
0
0
0
0
0
0
0
0
0
0
0
3
2
2
0
0
0
