0
0
9
25
13
0
0
2
0
0
0
0
0
0
4
10
0
0
0
0
0
0
0
3
0
0
0
1
0
0
0
3
1
6
8
3
0
1
0
0
5
0
0
0
3
0
0
0
1
0
4
0
0
0
0
3
0
5
15
2
1
7
4
0
0
0
0
2
0
0
2
0
0
0
0
2
5
5
0
3
10
13
0
0
5
18
15
5
7
7
1
0
0
0
0
0
0
6
7
0
0
0
0
0
0
0
13
1
0
0
0
0
0
0
0
0
0
1
0
0
1
5
0
0
0
5
8
0
1
0
2
0
0
3
1
0
7
0
3
0
1
2
9
10
3
0
8
10
0
0
0
0
1
0
0
0
0
0
0
0
9
8
0
0
0
0
0
0
0
0
0
0
9
0
0
0
0
0
3
11
20
12
16
31
57
222
787
675
171
48
57
15
17
15
8
7
5
0
0
0
6
9
2
2
0
0
0
0
0
0
2
4
7
17
8
0
0
0
0
0
0
10
5
0
0
1
3
0
2
5
4
6
9
1
2
2
0
0
6
0
0
0
2
0
0
0
2
0
0
6
10
0
0
0
0
0
0
0
0
0
2
15
6
0
0
5
10
1
0
0
2
1
4
1
0
0
4
7
18
19
0
2
3
1
3
5
1
0
3
3
2
2
12
5
0
0
0
0
2
3
2
9
0
0
6
0
0
0
2
4
6
0
0
0
0
1
1
1
0
0
1
1
2
0
2
2
5
5
4
9
8
3
1
0
2
1
0
2
0
2
0
0
0
0
7
12
0
6
0
0
1
4
0
0
0
0
0
1
0
0
0
2
4
1
3
9
15
7
0
0
6
2
4
3
0
2
4
2
0
0
0
2
8
3
0
0
0
0
0
1
1
0
0
0
5
0
0
0
3
7
2
0
0
0
0
0
1
2
6
12
18
14
0
0
2
13
14
7
2
3
0
0
4
0
0
0
1
6
13
8
4
0
0
0
0
0
6
1
0
0
0
0
0
0
0
0
1
0
0
5
6
4
0
0
0
0
0
0
4
8
4
0
0
2
9
6
0
0
0
4
2
0
0
0
1
2
10
15
0
0
4
2
0
0
0
0
0
0
0
3
0
0
0
0
0
0
0
0
0
0
0
0
14
9
11
11
6
3
0
0
0
0
0
0
0
1
0
3
3
5
5
4
4
2
2
1
3
1
9
9
10
0
1
8
14
1
0
0
1
0
2
0
6
10
0
0
1
0
0
0
0
1
0
0
2
0
0
5
0
0
0
1
0
0
1
2
0
0
3
3
2
4
3
2
8
6
3
0
3
0
1
1
2
0
0
0
0
0
0
0
0
0
0
4
1
0
0
0
0
0
0
0
0
0
0
0
0
0
10
22
1
0
0
1
3
3
1
5
0
1
0
0
2
14
16
6
1
1
5
2
2
0
0
0
3
10
6
0
0
3
5
1
0
0
4
3
1
0
1
0
0
0
0
0
9
9
0
0
0
1
2
2
2
1
2
4
0
1
0
0
4
2
2
1
8
10
0
0
6
0
0
0
0
4
6
5
0
0
0
0
0
0
5
2
0
0
0
0
0
0
9
0
1
0
0
0
3
0
0
0
0
0
0
2
0
0
0
0
0
0
2
1
1
1
2
0
2
0
0
0
0
0
0
0
0
0
0
0
0
0
9
10
0
0
3
14
11
1
3
2
0
0
0
0
3
4
1
7
3
0
0
0
0
2
0
0
7
4
2
0
4
0
2
1
1
0
0
0
2
1
9
2
6
2
0
0
7
10
6
0
0
0
0
0
1
0
0
0
0
0
0
2
6
1
2
4
9
11
3
3
1
2
2
0
0
0
2
1
1
0
5
3
3
0
5
0
4
0
0
0
0
0
9
4
0
0
0
1
6
3
0
0
1
0
0
0
0
0
0
0
0
0
0
0
0
2
3
4
2
4
0
3
0
0
1
0
1
2
3
0
0
0
13
12
4
0
4
0
0
0
0
0
2
0
0
0
0
0
1
0
0
0
0
0
0
0
0
0
4
0
0
0
0
0
2
3
1
0
0
0
0
0
1
2
1
0
2
1
9
7
4
0
3
0
0
0
4
0
1
0
0
0
0
0
0
0
3
1
6
11
0
0
0
0
0
0
0
0
0
0
3
2
3
0
0
0
0
0
0
0
0
0
0
0
9
7
4
0
3
0
3
2
4
0
2
0
0
0
3
2
3
0
0
0
1
0
0
0
2
0
0
0
1
0
0
0
2
1
0
0
3
0
1
0
9
14
0
0
0
1
1
1
0
0
1
2
2
0
7
4
6
0
0
0
