2
0
30
26
19
4
3
4
3
0
3
2
3
0
13
12
4
0
1
2
1
2
0
5
3
0
0
0
6
0
0
5
3
8
8
5
0
5
0
0
6
3
0
0
2
1
1
0
3
0
7
5
6
0
2
4
5
8
17
3
7
11
7
0
0
0
0
1
3
4
4
0
1
1
3
0
9
6
3
3
10
12
0
0
6
17
17
10
8
8
0
0
0
1
1
1
0
12
13
0
2
0
3
4
0
0
15
3
2
0
1
0
0
0
1
0
4
1
1
0
5
6
0
0
3
5
9
3
0
0
3
1
0
3
4
1
9
1
6
0
2
6
14
15
7
0
10
14
2
0
1
0
3
3
0
0
0
0
0
3
9
6
0
0
0
0
0
0
0
0
0
0
13
1
3
0
0
0
3
9
15
13
8
8
14
29
35
247
758
588
140
38
41
28
14
11
10
2
2
4
9
10
4
2
2
0
1
2
0
0
3
7
10
17
8
0
2
0
0
0
0
8
4
0
0
0
1
0
1
2
3
6
6
2
0
2
0
0
7
5
4
0
5
5
2
5
7
3
5
6
13
0
0
0
0
0
0
0
0
0
4
17
9
0
0
5
11
3
0
0
0
2
5
0
0
0
2
3
22
19
0
2
2
1
4
10
3
3
5
7
2
5
16
8
1
2
3
0
2
3
6
9
0
1
11
1
3
0
1
4
6
2
2
1
0
1
0
2
1
0
1
1
1
0
4
2
0
3
1
7
6
2
1
2
5
4
3
6
5
4
1
0
4
2
10
15
3
10
5
0
3
7
0
0
0
0
2
2
1
0
0
2
4
1
3
10
13
6
0
0
5
1
0
0
2
0
1
0
2
0
0
5
9
9
5
1
0
2
6
6
7
5
2
4
8
0
0
1
6
9
5
1
1
0
2
2
3
5
6
15
19
15
0
0
4
12
12
5
2
2
1
0
2
0
0
0
0
5
12
8
6
4
0
0
0
0
11
9
6
2
5
3
4
1
3
2
3
2
3
6
9
9
0
2
5
0
1
0
8
7
5
0
0
2
12
6
0
0
0
3
6
0
1
0
1
4
12
20
0
1
6
7
0
0
0
4
1
4
3
6
6
2
4
0
4
3
6
0
3
1
0
0
15
10
14
11
7
2
1
2
2
2
0
0
2
0
0
3
2
5
3
2
2
0
3
5
3
5
8
11
8
5
3
12
18
6
2
2
5
1
7
1
13
13
6
0
6
1
7
1
0
5
0
0
2
0
4
5
0
1
0
0
1
0
4
2
0
0
6
4
3
3
3
2
8
10
2
4
3
4
4
7
3
2
0
4
3
1
0
0
4
0
4
6
6
0
0
0
4
1
3
3
1
0
0
1
1
0
11
22
4
0
0
3
4
3
3
6
2
0
0
0
4
18
16
8
0
4
6
7
1
3
0
0
5
12
14
2
4
7
9
1
5
0
10
6
8
4
4
1
0
0
4
4
9
9
2
0
0
2
3
6
3
1
3
5
2
1
0
0
1
5
3
3
7
14
0
6
7
4
0
3
0
5
10
7
6
1
3
0
1
0
11
4
5
0
2
0
0
0
12
6
3
1
1
0
2
2
2
0
1
0
0
1
0
0
0
3
0
2
1
3
1
2
2
4
3
3
0
2
2
2
2
0
0
0
3
2
3
0
15
12
0
0
6
15
15
3
7
4
1
0
0
0
3
4
0
6
6
0
0
0
0
5
0
0
6
6
0
0
0
0
1
6
0
2
0
0
2
6
11
8
7
4
1
2
8
10
9
0
5
1
4
0
3
0
1
0
3
1
0
3
8
3
2
6
10
12
2
4
2
2
1
2
0
5
1
6
2
2
5
6
2
1
3
3
2
1
0
1
0
0
10
5
2
0
5
3
10
5
4
0
6
0
5
3
2
0
0
0
0
0
0
1
1
4
6
4
1
5
3
2
0
4
0
2
1
2
1
3
2
1
12
17
1
0
2
1
1
3
0
1
2
0
4
2
3
3
6
1
3
0
0
0
2
0
0
0
8
5
0
3
2
0
5
5
2
1
0
1
0
2
2
4
1
1
0
2
7
8
3
0
2
0
1
0
1
1
0
0
0
0
3
1
3
0
4
2
8
12
3
0
3
0
3
1
1
0
1
0
8
5
6
1
1
3
0
3
0
0
1
3
0
0
7
8
2
0
1
0
0
3
3
1
0
0
1
3
2
4
4
2
1
0
1
0
2
2
4
0
0
0
6
1
3
0
3
1
6
4
10
3
3
4
10
18
0
2
0
2
1
0
0
2
0
4
0
1
4
6
5
2
3
0
