1
1
30
26
16
3
1
8
0
3
0
4
1
2
6
15
0
4
1
5
0
0
0
6
2
0
0
0
4
0
0
5
2
7
7
4
0
4
0
0
7
0
0
0
3
0
2
1
0
0
6
4
1
0
0
7
2
11
16
8
5
15
6
2
0
1
0
6
0
3
5
2
0
1
4
3
7
7
4
4
10
12
0
0
7
17
16
10
9
5
1
0
2
0
1
0
2
12
11
0
1
1
0
4
0
0
14
7
1
2
0
1
0
6
1
2
3
4
2
2
2
8
0
0
1
8
8
4
0
0
2
0
1
3
6
2
11
0
8
0
5
8
13
14
4
1
12
15
0
1
0
0
2
5
0
0
0
2
0
6
12
14
0
0
0
0
0
0
0
3
0
0
9
4
2
0
0
1
5
10
18
8
5
5
8
3
13
26
46
297
743
480
127
42
31
14
8
5
3
6
7
10
4
5
0
1
0
3
0
4
5
6
10
20
7
1
2
0
0
0
0
11
5
0
0
0
1
0
0
4
4
6
5
2
3
2
0
0
7
3
1
0
3
3
0
4
5
1
0
8
11
4
0
0
0
0
0
1
0
0
4
17
11
2
0
5
10
2
0
0
0
1
3
1
0
0
2
7
24
19
0
1
6
0
7
8
5
2
7
5
3
4
14
7
0
1
0
1
2
6
5
18
0
7
7
3
5
5
3
7
7
4
4
0
0
2
0
1
3
0
0
3
4
0
4
1
4
4
5
5
10
1
5
1
6
4
3
4
5
2
0
1
0
3
9
14
4
11
1
4
5
9
0
1
0
5
3
3
1
3
1
5
8
4
4
12
15
10
0
0
5
0
3
3
4
2
3
2
5
0
4
3
12
5
4
1
0
1
2
4
2
5
1
4
5
3
0
4
6
14
5
3
0
3
2
4
4
6
4
15
21
19
3
1
4
12
16
5
3
1
2
0
4
0
2
0
3
4
15
8
6
2
2
2
0
0
8
4
2
2
4
1
1
2
2
5
3
5
1
9
7
10
0
3
2
2
2
1
3
6
5
2
0
3
13
4
0
0
0
3
5
0
2
0
5
1
16
19
1
0
9
5
1
1
0
2
1
4
0
8
4
2
0
2
1
6
3
2
1
0
0
0
15
10
12
10
10
2
0
0
2
0
1
0
2
0
0
2
4
5
5
2
4
0
5
3
5
5
11
11
12
3
3
12
17
8
0
5
2
3
4
6
9
13
1
2
1
1
7
1
0
5
0
2
4
1
3
5
0
0
0
1
0
0
4
2
0
0
9
3
3
4
5
3
7
10
5
2
5
2
6
4
3
1
0
5
2
3
1
4
1
3
1
8
3
1
0
1
0
3
0
2
1
1
5
2
0
2
11
23
2
2
1
3
3
4
3
6
3
1
1
0
7
18
20
8
4
1
6
5
5
3
0
0
7
13
9
3
2
10
6
8
1
5
6
10
5
3
5
5
0
1
2
5
8
10
0
2
2
3
5
4
1
2
2
5
5
2
0
1
4
6
5
3
11
13
0
3
9
2
1
2
0
7
6
9
5
4
0
3
0
5
8
8
2
3
1
4
0
0
11
7
2
2
2
2
1
3
1
1
0
1
0
2
0
0
1
2
5
2
1
2
4
2
6
3
3
5
3
0
3
2
3
3
0
2
0
5
2
5
11
17
0
1
3
17
14
6
4
5
0
0
0
0
5
6
0
7
7
2
0
0
1
3
0
0
11
5
0
0
5
0
4
5
2
2
1
1
2
8
10
8
7
9
0
6
4
15
7
5
0
3
0
5
2
0
1
2
0
1
1
4
7
3
2
7
11
12
2
2
2
2
5
0
1
1
6
4
5
1
7
4
5
1
6
2
6
0
2
1
0
0
9
7
4
3
2
9
7
9
1
2
3
4
1
5
1
0
0
0
2
1
0
2
3
4
6
4
3
5
3
2
3
2
2
1
3
2
4
0
5
1
16
17
5
0
6
3
4
2
0
2
5
3
4
6
1
4
4
4
2
1
0
3
1
4
0
0
6
4
0
1
2
0
4
4
2
1
2
2
0
1
3
2
4
0
2
2
12
9
5
1
6
0
4
2
6
1
3
2
2
0
2
3
2
5
2
5
7
16
2
1
2
3
1
1
0
0
2
1
2
3
4
0
1
0
1
0
1
0
3
2
0
0
8
7
7
1
4
0
7
5
8
2
4
2
4
3
5
9
6
5
4
4
3
4
2
6
4
4
0
0
5
3
0
1
4
2
3
3
6
4
3
1
12
16
1
0
4
2
2
2
0
2
3
3
5
3
7
6
8
3
4
1
