0
0
30
28
16
3
2
5
3
1
3
3
2
0
10
15
2
4
4
7
3
3
0
9
4
1
0
2
4
0
1
4
3
9
10
6
1
5
0
0
6
2
0
2
0
0
0
1
3
0
6
8
4
0
0
7
3
11
17
7
5
14
6
0
3
1
3
7
5
8
8
3
3
8
5
5
8
9
3
3
12
14
0
0
7
18
15
8
6
9
1
0
0
0
0
0
0
14
8
0
1
0
3
2
0
0
18
8
4
0
2
0
0
3
4
4
6
7
4
5
4
9
0
3
4
9
9
6
0
1
4
0
0
2
1
0
8
2
5
2
0
7
11
15
5
1
12
13
0
0
0
0
0
5
0
0
0
1
1
5
16
16
0
1
2
0
0
1
0
4
0
0
11
5
0
1
1
0
0
12
16
7
0
0
0
1
4
4
16
43
50
311
701
408
82
33
27
8
2
6
8
10
4
4
2
1
1
3
0
2
7
8
13
22
10
3
1
1
0
1
0
10
6
0
0
2
0
0
1
4
4
6
4
3
0
2
0
0
3
1
0
0
4
2
0
3
6
2
0
6
12
2
0
0
0
0
1
2
1
4
8
18
13
2
4
7
13
6
2
2
2
1
5
1
0
0
4
4
19
19
0
3
3
0
5
8
3
1
4
6
3
3
13
5
0
0
2
0
4
5
5
12
0
0
10
4
7
5
5
8
12
5
5
3
2
3
0
2
4
0
2
3
2
1
3
1
3
4
4
8
6
1
1
1
5
4
2
5
3
4
0
0
0
0
8
14
3
8
6
0
5
9
0
0
4
5
7
2
4
5
5
7
9
5
6
12
16
8
0
0
3
3
1
2
1
1
1
1
2
0
0
6
8
4
2
1
0
2
1
3
2
0
0
3
7
2
0
0
6
9
5
3
3
3
4
4
5
6
8
16
25
20
4
3
5
14
16
8
2
1
0
0
0
0
0
0
1
7
12
8
7
0
0
0
0
0
8
4
2
1
0
0
2
1
3
0
2
0
4
7
9
7
3
3
1
0
4
2
9
10
10
3
1
7
13
5
2
1
0
3
3
0
3
0
3
3
13
19
0
0
9
6
0
1
0
0
0
0
1
6
2
2
0
0
2
3
4
0
1
2
0
0
17
15
16
15
9
7
3
5
3
0
2
1
1
0
0
3
4
5
5
3
0
0
2
4
3
4
6
11
11
3
1
12
17
5
0
3
2
0
6
2
4
12
3
2
3
3
4
3
0
6
3
2
4
3
5
7
3
2
3
2
0
1
2
1
0
0
7
3
1
4
1
1
9
7
1
0
2
4
2
4
2
0
0
2
0
0
1
3
1
0
1
7
3
1
0
2
4
3
5
4
3
4
5
4
1
2
14
26
7
2
0
3
3
5
3
6
0
2
0
1
4
16
17
9
0
1
4
6
2
2
0
0
5
13
9
1
0
8
6
2
2
3
7
5
8
3
6
5
3
5
6
7
13
12
2
4
3
8
5
6
4
2
2
5
2
0
0
0
0
2
2
4
11
13
0
4
5
0
0
3
0
4
6
6
3
0
0
1
2
6
9
8
3
2
5
2
0
0
14
8
5
3
4
6
4
6
2
0
2
0
1
1
1
0
0
0
0
1
0
2
1
3
2
2
1
4
0
2
2
2
0
0
0
0
0
5
3
3
10
14
0
1
7
17
17
8
6
7
5
2
4
3
5
6
4
10
7
0
1
0
0
4
0
0
8
3
1
1
1
1
1
4
2
0
0
0
3
7
12
5
9
5
2
4
9
15
10
5
5
2
5
5
4
2
3
2
4
3
2
4
9
4
4
6
7
13
3
6
4
5
5
0
0
2
5
2
3
3
4
5
2
0
3
2
1
2
2
1
0
0
11
5
6
2
4
4
12
8
5
3
5
4
5
5
0
1
1
3
2
1
0
1
1
4
6
4
5
6
2
3
2
2
0
1
2
3
2
1
1
1
14
17
2
2
6
2
1
1
2
3
5
0
3
3
3
4
7
3
5
2
3
3
2
2
0
0
7
5
0
4
0
2
4
5
1
0
1
1
0
0
2
4
2
0
0
1
8
8
0
0
2
1
0
0
3
1
2
2
2
0
4
1
4
4
6
5
15
17
4
2
4
5
3
3
0
2
2
4
5
4
8
1
1
0
2
2
2
0
1
1
0
0
5
5
5
2
2
0
3
8
6
1
2
0
1
4
5
5
6
2
5
1
3
3
4
6
6
4
0
0
6
4
3
5
5
4
1
4
7
5
3
4
12
16
0
0
1
1
2
0
0
1
1
3
2
2
4
6
6
1
0
0
