1
4
12
28
15
2
3
5
0
3
0
2
1
0
10
12
2
0
5
2
5
0
5
9
5
0
0
0
4
0
1
6
2
7
7
6
0
4
0
0
6
1
0
3
2
2
0
2
2
2
6
8
3
2
0
7
4
12
15
6
3
13
6
0
0
0
0
3
4
3
10
2
2
3
5
4
8
8
4
4
10
13
0
0
6
18
18
9
7
9
0
0
0
1
0
1
0
12
8
1
0
0
4
2
0
0
14
3
4
0
0
0
0
0
4
0
4
3
3
0
7
4
1
0
5
6
9
4
0
0
2
2
0
3
3
3
7
2
4
2
0
10
12
17
5
3
11
16
0
1
0
0
0
4
0
0
0
0
0
5
15
13
0
0
2
0
0
0
0
0
0
0
12
4
3
0
0
3
2
12
15
10
2
3
0
3
0
2
9
23
24
36
55
350
646
333
64
25
18
6
10
12
6
3
0
0
2
0
0
1
4
5
15
19
11
0
3
1
2
0
2
10
8
3
2
3
0
0
0
5
2
9
4
3
1
3
0
0
4
6
0
2
3
2
0
3
7
2
0
8
11
1
0
0
0
0
0
0
0
0
4
17
12
1
2
6
13
4
2
1
4
1
5
1
0
0
4
7
19
19
0
4
2
2
4
10
2
4
4
7
1
7
13
7
0
1
0
0
2
3
3
12
0
0
7
0
1
1
4
7
10
3
3
0
1
0
0
1
5
1
2
0
3
0
3
2
2
5
2
10
6
3
0
4
4
4
2
7
2
3
0
0
2
0
6
14
3
8
2
0
4
7
2
0
0
0
3
2
1
2
2
2
6
3
6
13
20
8
0
0
7
2
3
4
5
3
5
3
1
1
0
6
10
9
1
2
0
3
2
6
4
4
1
3
5
1
0
2
4
9
4
2
0
0
3
4
3
5
6
14
21
18
4
1
24
16
16
8
6
2
2
1
4
2
1
0
1
8
13
10
7
4
1
4
0
0
7
9
2
5
0
3
2
0
1
4
1
3
1
6
10
5
1
5
3
0
0
1
3
6
6
1
2
2
15
7
4
0
1
2
6
0
5
1
4
4
13
20
1
5
7
7
0
3
0
3
0
3
2
7
5
0
1
1
3
3
3
0
0
0
0
0
15
12
13
12
11
0
0
3
4
0
2
0
1
0
2
2
7
6
5
1
4
1
2
5
4
5
9
12
10
4
1
14
16
6
1
3
3
2
4
3
8
12
1
0
2
1
4
1
0
3
0
0
1
2
5
7
0
0
5
2
2
0
5
2
0
0
8
2
4
4
2
0
8
10
2
0
1
4
2
5
5
3
0
3
0
2
1
1
1
1
1
3
4
0
0
0
0
2
2
2
2
0
4
0
3
0
16
24
5
0
2
1
8
5
4
6
3
0
0
1
5
18
17
8
1
4
5
10
1
2
0
0
8
16
11
6
2
8
8
4
1
1
6
8
5
3
1
1
1
0
4
5
10
10
4
1
5
2
5
7
5
3
5
5
5
2
1
0
3
5
0
5
7
16
0
6
5
4
0
5
0
7
7
10
3
4
1
3
0
3
9
8
2
0
0
2
0
0
11
9
5
3
4
3
3
3
3
2
3
0
1
0
1
0
1
2
0
2
1
3
0
3
2
5
3
6
0
3
3
5
1
4
0
2
0
4
3
1
8
16
0
0
4
16
16
3
4
6
0
0
2
2
4
4
8
8
9
1
2
0
4
1
0
0
8
4
1
3
0
1
3
7
2
2
0
3
1
9
12
9
8
8
1
3
8
14
7
2
1
0
0
2
2
0
2
1
1
0
1
5
9
2
5
2
13
13
5
5
6
5
5
1
0
2
4
5
1
4
5
8
2
4
3
7
3
3
0
3
0
0
11
7
2
0
2
4
9
5
2
0
1
0
2
4
0
0
0
0
0
0
1
3
5
4
7
6
5
5
5
0
3
2
3
1
2
4
3
4
1
5
13
20
1
2
1
4
0
6
0
5
3
1
1
2
2
3
2
2
2
0
0
0
0
1
0
0
5
4
1
3
1
0
5
3
4
0
3
1
2
1
5
4
2
0
0
6
7
12
3
4
3
4
0
4
4
5
0
4
0
3
4
5
3
1
2
3
9
14
2
0
2
0
1
0
0
0
3
3
4
4
7
1
2
0
2
1
3
2
4
2
0
0
9
8
3
2
2
3
1
7
4
6
2
4
3
8
4
9
4
3
4
1
0
1
3
3
5
1
0
0
4
2
3
1
6
1
2
5
8
2
5
3
14
14
3
0
4
1
2
1
1
3
3
5
2
5
3
11
5
6
1
3
