0
0
13
25
15
2
0
8
0
3
0
4
0
3
6
15
0
2
0
6
0
2
0
8
0
0
0
0
1
0
0
4
0
8
3
3
0
4
0
0
5
0
0
0
1
0
0
0
1
0
6
4
0
0
0
6
0
11
14
6
0
14
2
1
0
1
0
4
1
5
1
3
0
6
1
2
7
6
0
1
9
12
0
0
1
18
15
5
6
5
0
0
0
0
0
0
0
10
10
0
0
0
0
2
0
0
13
5
0
0
0
0
0
2
0
2
0
5
0
3
2
6
0
0
0
5
7
3
0
0
1
0
0
2
1
0
6
1
4
0
1
5
11
12
5
0
10
12
0
0
0
0
0
2
0
0
0
0
0
2
11
12
0
0
0
0
0
0
0
1
0
0
2
1
0
0
0
1
0
8
13
9
0
0
0
0
0
0
4
18
15
10
26
42
57
358
605
269
49
24
23
13
3
5
0
0
0
2
0
3
4
8
7
21
7
0
0
1
0
2
0
13
5
2
0
2
0
1
0
3
3
7
4
0
0
0
0
0
7
1
2
0
1
2
1
2
9
1
0
6
11
0
0
0
0
0
0
0
0
0
3
17
8
2
0
8
9
6
0
5
0
4
2
3
0
0
2
4
19
19
0
1
1
0
6
9
1
0
6
5
0
4
14
4
0
0
0
0
1
3
3
12
0
0
8
1
0
4
0
7
7
6
0
2
0
5
0
6
1
2
0
3
1
2
2
3
2
4
0
7
5
0
0
0
4
2
4
4
3
1
1
0
1
0
7
14
3
6
1
0
1
8
0
0
0
1
0
3
0
3
2
4
2
3
0
13
14
11
0
0
2
1
0
2
0
2
0
0
1
0
0
4
8
4
4
1
0
0
3
2
4
0
0
1
5
0
0
1
3
10
2
1
1
2
0
4
2
7
4
16
17
19
1
2
2
15
11
8
1
2
0
0
1
0
0
0
0
3
11
7
5
0
0
0
0
0
7
6
3
1
2
0
2
1
1
2
1
1
1
6
5
5
0
3
1
1
0
0
5
8
4
4
0
5
10
7
0
0
0
2
4
0
0
0
0
0
11
19
0
0
4
4
0
0
0
2
0
0
3
4
5
0
0
0
3
2
2
0
0
0
0
0
12
12
10
10
7
6
0
3
1
3
0
1
0
1
0
2
4
7
3
2
0
0
1
2
0
4
6
11
8
1
1
9
17
4
0
0
4
0
7
1
12
12
0
0
0
0
3
1
0
3
0
0
0
0
0
9
0
2
0
2
0
1
0
3
0
0
3
3
2
3
1
0
3
7
0
0
0
1
3
2
4
0
0
0
3
1
0
0
0
1
1
5
3
0
0
0
0
1
0
1
0
1
0
3
0
1
10
25
4
0
0
4
1
6
1
6
1
1
0
0
1
16
15
5
1
0
3
2
2
0
0
0
5
12
9
1
3
7
5
2
1
1
5
5
2
1
0
3
0
1
3
4
7
9
0
4
0
6
0
8
1
3
1
5
0
0
0
0
1
3
1
0
5
12
1
2
6
2
0
0
0
2
10
5
3
0
0
0
0
0
7
2
0
0
0
0
0
0
8
7
3
2
0
2
0
2
0
2
0
0
0
0
0
0
0
0
0
0
0
1
2
0
3
0
3
2
2
0
1
0
3
0
0
0
0
2
2
0
8
13
0
0
5
14
11
4
0
6
0
0
0
1
4
7
0
7
5
0
1
0
0
0
0
0
5
3
0
0
0
0
1
3
0
0
0
0
0
3
11
3
8
2
1
0
7
11
6
0
0
2
0
0
0
0
0
0
0
3
0
5
5
3
1
7
6
12
2
3
0
0
1
1
0
0
2
5
0
0
3
3
1
0
2
3
1
0
1
0
0
0
9
3
3
0
0
3
6
5
0
1
0
1
0
6
0
0
0
0
0
0
0
3
0
4
4
4
0
3
1
3
0
0
0
1
0
1
0
0
0
0
11
16
1
0
5
2
3
3
0
1
2
1
2
4
0
4
0
3
0
2
0
3
0
2
0
0
4
5
0
4
0
0
2
2
0
0
0
0
0
0
0
1
0
0
0
2
5
6
1
0
2
0
0
1
3
0
3
1
1
0
1
2
1
4
1
5
5
17
0
1
0
2
0
3
0
1
0
1
0
3
2
1
0
0
0
0
0
0
0
1
0
0
3
8
1
0
0
1
1
3
2
2
2
1
0
3
5
6
2
5
2
1
1
2
0
6
1
3
0
0
0
4
0
2
0
2
0
4
3
3
0
2
9
15
0
0
0
2
0
0
0
1
0
2
0
2
3
6
3
2
0
1
