0
0
9
22
11
0
1
4
0
0
0
0
0
0
4
10
0
0
0
3
0
0
0
4
1
0
0
0
6
0
1
0
2
6
6
2
0
2
0
0
2
1
0
0
0
0
0
0
0
0
4
3
0
0
0
4
0
8
13
4
3
10
1
0
0
0
0
0
3
2
3
0
1
0
6
0
7
5
3
0
9
9
0
0
4
15
15
8
3
8
0
0
0
0
0
0
0
10
6
0
0
0
0
1
0
0
13
4
0
0
0
0
0
0
0
0
0
0
1
0
4
3
0
0
2
3
7
0
0
0
4
0
0
0
0
0
7
0
1
0
1
6
7
12
4
0
7
14
0
0
0
0
0
3
0
0
0
0
0
2
11
10
0
0
0
0
0
0
0
0
0
0
5
0
0
0
0
0
2
7
14
4
0
0
0
0
0
0
0
13
10
7
30
21
17
33
59
366
544
220
46
30
14
4
0
0
0
0
0
1
2
5
8
18
9
0
2
0
2
0
0
7
5
0
0
0
1
0
0
3
0
7
3
0
0
1
0
0
3
2
0
0
2
0
0
1
4
0
0
7
8
0
0
0
0
0
0
0
0
0
6
12
12
0
0
3
10
2
0
0
2
0
5
0
0
0
2
5
13
18
0
2
1
3
3
8
0
1
4
7
0
5
11
5
0
0
0
0
1
1
2
9
0
0
10
1
0
1
4
4
9
0
2
0
0
0
0
1
2
0
0
0
2
1
1
1
1
6
1
7
3
3
0
2
3
2
0
6
0
2
0
0
0
0
6
12
1
8
0
0
3
5
0
0
0
0
1
0
2
0
2
2
6
4
3
9
16
7
0
0
4
0
0
3
0
1
0
2
0
3
0
5
8
6
0
0
0
0
0
2
2
0
0
0
3
2
0
0
2
6
4
0
0
0
0
1
3
1
6
12
19
16
2
0
5
10
12
5
1
4
0
0
0
0
0
0
0
7
6
8
1
2
0
1
0
0
6
1
0
0
0
0
0
0
0
0
0
0
0
7
8
3
0
1
2
0
2
0
6
7
5
1
0
1
15
3
0
0
0
2
0
0
0
1
0
4
10
18
0
1
5
4
0
0
0
0
0
0
0
3
3
0
0
0
0
0
2
0
0
0
0
0
14
10
11
8
7
1
0
0
2
0
0
0
0
0
0
0
3
5
2
1
0
0
0
3
0
6
6
11
7
1
0
9
14
2
0
0
0
0
1
1
7
12
0
0
0
0
3
0
0
0
0
0
6
0
3
2
2
0
0
0
0
0
1
0
0
0
4
4
0
5
1
2
4
10
0
2
0
0
3
5
0
0
0
0
0
0
0
0
0
0
0
5
0
0
0
0
0
0
0
0
1
0
1
0
1
0
15
21
3
0
0
0
3
2
1
3
1
1
0
1
1
17
16
7
0
1
3
5
0
0
0
0
4
10
7
0
0
3
3
2
0
0
4
4
3
0
2
0
0
0
3
1
10
7
0
0
2
1
4
2
3
0
4
5
0
2
0
0
0
6
0
4
8
13
0
3
1
0
0
1
0
3
5
6
1
0
0
0
0
0
5
0
0
0
0
0
0
0
10
4
3
0
4
0
4
1
1
0
0
0
0
2
0
0
0
0
0
1
0
3
1
3
0
2
0
0
0
0
0
0
0
0
0
0
0
1
0
0
6
11
0
0
4
14
11
0
4
4
0
0
1
0
5
3
3
5
5
0
0
0
0
2
0
0
7
6
0
0
0
0
3
2
0
0
0
0
0
5
9
3
5
1
0
0
5
10
6
0
1
0
0
0
1
0
0
0
0
0
1
1
9
1
3
2
9
9
3
3
1
4
2
3
0
2
3
3
0
0
4
3
0
0
0
2
0
0
0
0
0
0
5
4
0
0
0
0
6
2
0
0
0
0
3
0
0
0
0
0
0
0
1
0
1
2
7
2
5
5
1
3
0
1
0
0
0
2
0
0
0
0
9
13
1
0
3
0
0
0
0
0
2
0
2
2
0
0
1
0
0
0
0
0
0
0
0
0
6
1
1
1
1
0
4
4
2
0
0
0
0
0
1
3
2
1
0
1
4
4
0
0
0
0
0
0
0
0
0
0
0
0
0
0
2
0
3
1
11
11
0
0
0
0
0
0
0
0
1
0
4
3
5
0
0
0
2
0
1
0
0
1
0
0
5
6
2
0
0
0
0
2
1
0
1
0
0
1
2
4
3
0
0
0
0
0
1
0
1
0
0
0
3
0
2
0
4
1
1
4
5
5
4
2
11
14
0
0
0
0
0
0
0
0
0
0
0
0
2
5
2
0
0
0
