0
1
13
28
13
2
2
4
0
1
0
2
0
0
8
12
0
0
3
3
0
0
0
7
3
0
0
4
7
3
5
8
4
11
12
10
1
11
0
0
29
17
19
64
176
695
912
376
92
18
14
6
4
2
1
7
1
11
17
7
6
14
8
0
0
0
0
4
5
3
6
1
4
3
7
4
11
8
4
4
14
15
0
0
8
21
15
10
7
7
1
1
0
0
0
1
0
11
7
0
0
0
2
2
0
0
16
5
1
0
0
0
0
2
0
0
3
3
3
1
5
6
1
0
4
8
11
5
2
2
6
2
0
6
3
5
8
2
7
1
0
9
13
14
4
0
7
12
0
0
0
0
2
3
0
0
0
0
0
4
14
11
0
0
0
0
0
1
1
1
0
0
12
3
4
1
0
2
6
12
16
8
1
3
0
1
0
2
1
18
25
6
16
14
6
5
5
0
0
0
5
8
0
0
0
0
0
0
1
1
4
4
8
19
8
0
2
0
0
0
0
11
7
1
1
2
2
1
2
5
4
11
6
4
0
4
0
0
5
4
0
0
0
0
0
3
4
2
1
6
8
2
0
0
0
0
0
0
0
0
3
16
10
1
0
7
12
3
4
2
4
4
4
1
1
2
4
6
20
18
0
5
0
3
4
11
2
3
5
4
3
5
11
5
0
0
0
0
3
4
4
13
0
3
6
1
0
0
4
7
11
3
4
0
1
1
3
3
5
1
4
3
5
3
5
7
4
6
3
11
5
2
1
4
4
5
1
5
4
5
0
0
1
0
8
15
3
7
3
2
3
7
1
0
1
1
5
2
3
1
6
6
8
5
7
10
20
11
0
0
7
3
1
6
3
3
1
3
1
1
0
8
9
5
1
0
0
2
2
4
3
2
0
2
5
0
0
1
6
8
5
0
1
0
3
4
6
4
7
13
21
19
1
1
24
15
16
8
4
3
1
2
2
1
0
2
0
6
13
8
5
0
0
1
0
0
9
5
2
1
2
1
2
0
1
3
3
2
1
7
9
5
1
4
6
0
3
0
9
7
7
3
1
5
14
8
1
0
2
7
4
3
3
3
0
3
14
18
0
2
6
4
0
0
0
1
0
1
2
4
4
1
0
1
3
3
3
0
1
3
0
0
15
12
13
12
9
2
1
3
4
1
2
0
3
3
1
5
5
8
4
5
2
2
4
5
4
6
9
12
7
0
1
10
16
5
0
0
2
1
5
3
9
12
4
0
2
2
3
0
0
3
0
0
4
0
7
7
4
0
2
2
1
1
5
3
0
0
7
4
2
7
2
3
7
9
0
0
3
0
2
3
3
0
0
0
2
1
0
1
0
0
2
6
2
0
0
0
1
2
3
0
2
0
3
2
5
1
16
23
4
0
3
3
5
5
2
5
1
2
0
3
5
17
17
6
0
0
5
3
2
0
0
0
6
12
11
1
3
8
7
4
1
0
7
6
4
4
4
1
0
0
7
4
13
8
4
3
3
5
5
6
5
4
4
6
1
3
0
2
3
4
1
3
6
11
0
2
5
1
1
0
0
4
7
6
3
0
0
0
0
2
8
4
1
0
3
1
0
0
12
7
5
4
4
2
6
3
3
4
2
1
2
0
0
0
0
1
0
0
0
0
0
2
2
1
2
2
0
0
1
0
1
1
0
0
0
2
3
1
7
13
0
0
4
15
15
4
5
4
3
1
1
3
4
4
6
9
7
3
2
2
0
4
0
0
6
5
0
0
2
0
1
4
1
0
0
0
1
7
8
5
5
5
0
3
8
12
5
2
3
2
0
2
3
0
1
3
2
4
3
6
11
5
5
9
12
16
3
8
3
4
3
3
0
1
4
4
0
0
4
4
0
2
2
3
1
2
0
2
0
0
9
7
2
0
2
4
5
4
2
2
2
2
4
6
2
1
0
2
4
1
1
5
1
6
7
7
2
6
1
2
1
3
0
1
1
3
0
1
0
2
12
16
3
1
1
0
1
3
0
1
2
2
3
1
0
5
3
2
1
0
0
4
0
5
0
0
7
5
3
5
3
0
6
4
2
0
0
2
0
2
0
3
2
1
0
2
9
10
0
2
0
1
0
3
0
1
2
1
0
0
3
2
2
4
2
3
9
17
2
0
5
2
3
4
0
3
2
3
6
7
8
3
1
0
3
2
1
1
1
2
0
0
9
9
3
0
0
0
4
5
4
5
0
1
2
3
3
7
3
2
4
4
3
3
3
3
4
4
0
0
7
3
4
3
6
4
4
7
8
3
3
1
12
15
0
1
0
2
1
1
0
2
1
4
0
2
4
6
4
2
2
0
