0
2
9
27
12
4
0
5
0
0
0
0
0
0
8
11
1
0
2
2
0
0
0
4
3
0
0
0
3
0
0
2
1
5
3
2
0
0
0
0
3
1
0
0
0
0
0
3
0
2
5
7
0
0
0
7
0
7
13
5
2
8
5
0
0
0
0
0
2
3
6
0
0
0
4
3
7
5
2
2
8
10
0
0
1
16
15
7
4
8
0
0
0
0
0
0
0
11
8
0
0
0
0
3
0
0
13
2
0
0
0
0
0
0
1
0
3
0
1
0
3
3
0
0
1
4
7
2
0
0
1
0
0
1
2
0
5
0
3
0
0
9
8
15
2
2
7
15
0
1
0
0
0
3
0
0
0
0
0
2
11
10
0
0
0
0
0
0
0
0
0
0
6
0
0
0
0
0
0
8
11
6
0
0
0
0
0
0
3
16
8
9
12
18
5
12
19
28
66
389
503
184
33
20
7
1
2
3
0
0
3
4
10
19
9
0
4
0
0
0
0
7
5
0
0
0
0
0
0
2
1
6
4
0
0
1
0
0
4
3
0
0
1
2
0
2
5
2
0
7
9
0
0
0
0
0
0
0
0
0
5
16
10
0
1
5
12
1
0
0
2
0
1
0
0
0
0
4
18
15
0
1
1
1
1
8
0
2
3
5
1
5
11
7
0
0
0
0
2
1
4
13
0
1
6
1
3
0
4
3
8
2
1
0
0
0
0
2
5
0
0
0
3
0
0
0
2
2
0
8
4
0
0
0
3
3
1
6
0
3
0
1
0
2
7
14
0
7
2
0
2
5
0
0
0
0
2
0
0
0
3
1
5
1
4
9
17
7
0
0
4
0
0
1
0
1
0
0
0
0
0
4
7
6
0
0
0
0
0
5
0
4
0
1
4
1
0
0
3
6
2
0
0
0
0
1
2
2
6
13
18
16
3
0
6
12
18
5
3
0
0
0
0
0
0
0
0
5
10
8
4
0
0
0
0
0
4
9
1
1
0
0
0
0
0
0
0
2
0
3
6
4
0
2
2
0
1
0
6
4
6
0
2
2
11
3
0
0
1
3
3
0
0
0
0
3
10
18
0
2
4
4
0
0
0
1
0
0
0
4
1
0
0
0
0
1
1
0
0
0
0
0
14
9
11
9
3
3
2
2
1
0
1
0
0
0
0
0
4
5
3
1
0
0
1
3
2
5
5
10
7
3
0
10
14
6
0
0
1
0
3
0
6
9
0
0
0
0
2
0
0
2
0
0
0
0
2
5
0
0
0
0
0
0
2
1
0
0
7
0
2
2
2
1
4
9
0
2
1
2
0
5
0
0
0
0
0
0
0
0
0
0
0
2
0
0
0
0
0
0
0
0
0
0
2
0
0
0
10
21
5
0
2
0
3
3
4
4
2
1
0
1
2
15
15
8
0
0
0
4
0
0
0
0
2
8
8
0
0
4
4
1
0
0
4
6
1
0
1
0
0
0
1
1
8
6
4
0
1
1
4
2
3
0
4
2
0
0
0
0
0
4
1
4
4
14
0
4
4
3
0
0
0
3
8
6
2
0
0
0
0
0
8
4
0
0
0
0
0
0
10
5
5
0
2
0
3
0
1
0
0
0
0
1
0
0
0
1
0
1
0
1
0
0
0
3
0
5
0
0
1
0
0
0
0
0
0
0
0
0
9
10
0
0
4
13
15
1
5
3
2
0
0
0
3
1
4
5
7
0
0
0
0
1
0
0
8
5
0
0
0
0
0
4
0
0
0
0
0
7
8
4
5
5
0
0
5
10
5
0
1
0
0
0
2
0
0
0
0
0
1
1
9
0
3
3
9
10
2
0
1
0
1
0
0
0
1
3
0
0
3
5
0
0
1
3
0
0
0
0
0
0
7
3
1
0
0
2
6
3
1
0
1
0
3
0
0
0
0
0
0
0
0
0
4
4
7
1
2
2
1
1
0
0
0
0
0
2
0
1
2
3
10
16
0
0
3
2
0
1
0
2
1
0
2
2
0
1
2
0
1
0
0
0
1
0
0
0
7
4
0
0
4
0
5
3
0
0
0
0
0
0
1
3
0
2
0
4
5
9
1
1
1
0
0
0
1
0
0
0
0
0
1
0
0
0
0
0
7
13
0
0
0
0
1
0
0
0
1
0
3
4
5
0
1
0
0
0
0
0
0
3
0
0
5
11
0
2
0
1
0
5
2
2
0
0
0
2
4
4
0
0
2
0
0
0
0
1
1
0
0
0
2
1
3
0
2
1
2
5
6
2
2
0
13
13
0
0
0
2
0
1
0
3
0
5
0
3
2
8
3
3
0
0
