0
0
12
26
12
1
0
5
0
0
0
0
1
0
7
11
0
0
3
1
2
0
0
5
1
0
0
0
2
0
0
3
0
4
5
2
0
1
0
0
4
2
0
0
0
0
0
1
0
0
3
2
0
0
0
4
1
9
15
4
5
8
3
0
0
0
0
0
4
1
6
1
1
1
3
1
6
4
2
3
8
10
0
0
3
17
11
9
4
7
0
0
0
0
0
0
0
10
8
0
0
0
2
0
0
0
13
3
1
0
0
0
0
0
1
0
2
0
2
0
4
4
0
0
0
5
6
2
0
0
1
1
0
0
1
2
6
0
4
0
0
7
10
15
3
0
5
12
0
0
0
0
0
2
0
0
0
0
0
0
14
10
0
0
0
0
0
0
0
0
0
0
7
1
0
0
0
0
0
7
10
5
0
1
0
0
0
0
1
16
9
7
11
17
4
8
5
6
28
24
83
409
447
139
24
17
12
4
0
1
4
4
11
19
10
0
1
0
0
0
0
8
6
0
0
1
2
0
0
2
2
5
5
1
0
2
0
0
6
4
0
0
1
3
0
3
4
1
1
7
10
0
0
0
0
0
0
0
0
0
6
13
13
0
0
1
11
2
0
0
0
0
1
0
0
0
2
4
18
17
0
0
0
0
1
9
0
2
3
7
0
4
12
8
0
2
0
0
2
3
5
12
0
0
10
0
4
0
4
5
8
2
1
0
0
0
0
1
2
0
0
0
0
0
1
0
0
3
0
9
5
0
0
0
2
5
0
4
1
5
0
2
0
1
8
13
3
6
4
0
6
4
1
0
0
0
2
0
0
2
0
1
0
1
1
9
13
5
0
0
2
0
0
1
0
0
0
0
0
0
0
4
9
8
0
0
0
1
0
5
0
5
0
3
7
0
1
0
4
8
7
1
3
0
1
2
4
1
7
13
18
15
1
0
3
12
11
5
3
2
0
0
1
0
0
0
0
7
10
7
4
1
0
0
0
0
7
6
0
3
1
0
1
0
1
1
3
2
3
5
9
3
3
1
2
0
0
0
4
5
4
1
0
3
12
2
0
0
0
3
1
0
0
0
0
1
11
16
0
0
5
7
0
0
0
2
0
1
3
5
4
1
0
0
2
1
4
0
3
0
0
0
13
10
13
7
7
3
0
0
1
0
0
0
0
0
0
0
3
3
2
0
1
0
1
3
2
6
5
11
9
3
0
12
14
5
0
0
4
0
5
2
9
11
3
0
2
0
5
0
0
1
2
0
3
0
2
6
0
0
0
0
0
0
0
0
0
0
5
0
0
1
0
0
6
11
1
0
1
3
2
3
0
0
0
1
3
0
0
0
1
0
4
3
3
0
1
0
1
0
2
0
3
0
1
0
0
0
12
21
0
0
0
0
0
3
1
5
0
0
0
0
0
14
15
8
0
2
3
5
0
2
0
0
5
13
7
1
1
5
8
0
2
0
8
2
6
2
3
0
0
0
2
2
11
8
2
0
1
0
1
4
2
2
2
2
0
0
0
0
1
1
1
2
4
14
0
2
5
2
0
2
0
5
6
7
4
0
1
0
0
0
8
2
1
0
2
0
0
0
10
3
4
0
0
0
1
2
0
0
0
0
0
0
0
0
0
0
0
0
0
1
0
0
2
2
1
4
0
1
1
2
0
0
0
0
0
0
2
0
10
11
0
0
6
15
13
0
4
1
0
0
0
0
2
1
0
4
4
0
0
0
0
0
0
0
5
4
0
1
0
0
1
5
0
1
0
0
0
8
10
5
7
1
2
0
7
8
7
0
2
0
0
0
4
0
1
0
0
0
0
1
4
0
0
3
6
11
1
2
1
1
1
0
0
0
2
3
0
0
2
4
0
2
3
3
0
0
0
0
0
0
8
3
2
0
1
2
9
2
1
0
4
0
0
1
0
0
0
0
0
0
0
0
1
1
4
2
1
1
0
1
0
0
0
0
0
0
0
3
0
0
9
16
0
0
1
2
1
2
0
0
1
0
1
1
1
2
4
0
2
0
2
0
0
0
0
0
5
2
0
0
0
0
1
1
0
0
0
0
0
0
0
2
0
0
0
1
5
10
0
3
0
0
0
1
0
0
0
0
0
0
1
0
2
0
2
0
8
12
2
0
1
0
1
0
0
0
1
0
2
2
3
0
0
0
0
0
0
0
0
1
0
0
5
8
1
2
0
0
0
6
2
2
0
1
0
0
2
3
1
0
1
0
0
0
1
0
4
0
0
0
2
0
1
0
1
0
0
1
4
0
0
1
8
13
0
0
0
2
0
0
0
2
0
4
1
5
4
8
2
3
0
0
