0
0
13
28
15
2
3
8
0
3
0
3
0
0
7
11
0
0
1
0
1
0
0
4
4
0
0
0
5
0
2
0
5
7
9
2
3
1
0
0
4
0
0
0
0
0
0
0
0
0
5
5
0
1
0
4
1
10
14
7
4
15
5
0
0
0
0
3
1
1
7
0
3
1
7
3
11
5
3
0
13
9
0
0
7
16
19
6
8
4
0
0
0
0
0
0
0
11
10
0
0
0
1
3
0
0
15
8
1
0
0
0
0
0
1
0
3
0
0
0
4
6
0
0
5
5
12
2
0
0
8
0
2
1
5
0
7
0
5
0
2
6
10
12
7
0
10
12
0
0
0
0
3
5
0
0
0
0
0
4
14
11
0
0
0
0
0
0
0
0
0
0
9
0
1
0
2
0
2
7
16
4
1
0
0
0
0
0
4
15
11
3
13
15
6
4
5
3
1
6
21
38
95
415
401
114
24
20
6
3
7
4
9
21
8
0
3
0
0
0
1
8
9
0
1
0
4
0
3
1
4
4
8
0
2
0
0
0
4
0
0
0
4
4
0
3
5
3
1
7
10
1
0
0
0
0
0
0
1
0
5
13
9
0
2
7
10
0
4
0
3
0
7
0
2
0
1
4
21
14
0
3
3
0
4
6
2
0
4
3
1
5
14
4
0
1
0
0
2
6
5
13
0
1
9
2
4
2
2
5
10
0
2
0
3
1
2
1
3
0
3
1
6
1
4
0
6
4
3
9
7
0
0
0
2
1
1
4
5
4
0
1
0
0
8
17
1
12
2
2
4
8
0
0
0
3
3
1
2
0
4
3
6
3
5
9
20
7
0
0
6
0
5
1
2
0
1
0
2
0
0
2
9
4
2
0
0
1
5
3
1
3
0
4
6
3
0
3
3
9
6
2
0
2
2
2
5
3
5
13
21
15
2
1
5
13
17
5
5
1
1
0
4
0
0
0
0
6
12
7
3
0
0
1
0
0
8
6
1
0
2
1
3
1
0
4
2
1
1
9
7
7
0
1
0
0
1
0
6
6
5
0
1
1
14
4
2
0
0
2
5
0
4
0
1
3
10
17
0
0
6
4
2
0
0
0
0
0
2
5
2
2
0
0
0
6
4
1
1
4
0
0
15
9
15
10
9
2
0
0
3
0
1
0
4
0
3
1
5
2
3
1
5
0
5
2
3
4
7
11
10
2
1
8
14
4
0
0
2
1
6
5
7
13
1
1
0
3
3
0
0
3
0
0
2
1
2
5
3
0
1
0
2
0
6
0
0
0
7
1
3
4
2
0
7
6
2
0
2
0
2
2
1
0
0
1
2
0
0
1
1
0
2
8
2
1
0
1
0
3
2
0
0
2
1
0
1
0
14
23
5
0
3
0
5
2
3
5
4
0
1
0
5
15
17
6
1
1
6
4
1
0
0
0
5
13
8
2
1
7
7
5
2
3
5
9
2
3
3
3
0
0
2
2
8
9
3
1
3
4
4
6
5
0
5
3
4
0
1
0
6
2
5
1
10
13
0
1
7
0
0
3
0
4
8
9
2
1
0
2
0
4
6
7
0
0
0
0
0
0
10
6
4
3
3
2
3
2
2
0
0
0
2
0
2
0
1
0
1
0
3
1
2
1
5
1
1
0
1
1
1
1
0
2
0
0
0
3
2
2
9
15
0
0
4
14
14
5
2
0
0
0
2
0
5
5
0
6
6
0
1
0
2
1
0
0
8
0
2
0
1
0
4
4
3
0
0
0
0
5
9
8
5
4
0
4
6
13
6
3
0
2
0
2
2
0
1
0
0
0
1
0
7
2
5
4
8
11
2
4
3
2
3
0
0
0
4
2
2
0
6
2
1
0
4
3
3
0
1
0
0
0
6
5
3
0
2
5
7
4
1
1
3
2
1
2
0
0
0
0
1
0
1
0
4
2
10
2
5
3
5
0
3
0
3
0
3
0
2
0
3
0
14
14
0
0
4
0
0
1
0
4
3
2
3
4
1
4
4
2
2
0
0
1
0
0
0
0
7
3
0
0
2
0
5
4
4
0
3
0
3
0
5
0
5
0
4
0
9
7
3
0
5
0
0
0
3
0
0
1
0
0
1
2
2
2
3
4
9
14
2
0
0
0
0
0
0
0
0
0
5
2
6
0
3
0
3
0
2
0
4
0
0
0
12
5
4
0
0
0
1
4
5
1
2
1
2
2
5
6
5
3
2
0
0
2
4
4
3
0
0
0
4
0
0
0
2
0
3
4
8
1
3
1
14
12
0
0
4
0
5
0
0
2
1
1
2
2
3
7
4
1
0
0
