0
2
16
29
15
3
6
6
2
0
1
2
3
0
11
13
1
2
1
2
2
2
0
7
1
0
0
3
5
3
0
9
1
8
8
7
0
7
0
0
3
1
0
0
2
0
0
0
1
2
8
5
3
0
2
6
3
10
19
6
5
12
7
0
1
0
0
3
2
4
6
3
0
2
4
4
8
9
2
5
10
14
0
1
5
22
16
10
5
8
0
0
0
0
0
0
0
10
12
1
0
0
4
4
0
0
18
4
3
0
2
1
1
2
0
0
4
3
2
4
3
6
0
0
2
7
8
5
0
1
3
4
1
7
1
4
7
3
6
2
0
7
13
14
6
0
11
13
3
0
2
0
5
6
2
0
0
0
1
4
12
11
0
0
0
0
1
0
0
0
0
0
9
3
2
2
0
2
2
11
13
9
0
4
0
2
0
1
5
19
29
8
17
17
9
7
8
3
4
4
30
14
22
26
127
414
350
88
20
19
12
5
11
21
9
0
1
0
0
0
0
9
6
0
0
1
0
2
1
5
3
8
7
2
0
1
0
0
7
4
1
0
3
0
3
5
10
0
3
8
14
0
0
0
2
0
0
0
0
0
6
16
9
0
1
6
10
3
0
1
1
3
1
3
0
2
1
9
20
21
1
5
1
2
2
9
2
2
5
4
0
4
15
5
3
0
3
0
4
2
8
12
0
2
10
0
2
0
3
4
10
1
1
0
0
0
0
3
4
0
0
2
3
1
4
5
2
6
3
11
5
2
1
3
4
3
2
4
4
4
1
1
3
0
10
14
6
9
5
0
7
5
2
0
0
2
4
3
1
2
1
3
4
2
4
12
15
12
0
0
3
3
0
5
0
7
2
4
2
2
0
8
9
8
0
1
0
2
2
4
5
5
2
4
7
1
4
1
7
9
8
0
2
2
1
4
4
6
7
15
16
17
2
3
5
13
15
9
1
3
0
3
1
1
0
1
1
9
12
9
4
2
0
0
0
0
9
7
3
3
1
0
3
1
4
2
4
3
5
7
11
4
1
5
4
0
3
2
7
8
6
3
1
5
11
7
0
2
0
6
3
2
1
0
1
2
13
19
0
1
6
6
0
0
0
0
0
2
2
4
5
2
1
0
5
3
4
0
3
2
0
0
15
11
13
10
9
4
0
3
0
3
0
2
0
3
0
4
5
6
3
1
1
0
2
4
1
4
6
12
11
1
3
11
16
7
1
0
4
0
6
3
13
12
5
1
4
0
7
1
0
4
3
4
3
0
3
8
1
3
0
4
0
2
3
3
0
0
5
5
3
5
4
2
7
10
2
1
1
0
5
6
2
1
0
2
1
0
3
3
2
0
5
5
4
0
2
0
3
1
0
2
3
2
1
3
1
1
13
26
3
3
0
5
3
7
0
6
2
2
0
0
4
18
17
8
0
2
2
7
3
1
0
0
8
10
10
2
5
6
9
1
6
1
9
5
8
3
6
2
0
1
4
6
10
14
2
4
1
5
6
10
2
3
5
5
2
1
0
1
3
4
2
0
9
13
0
3
5
0
1
1
1
4
9
7
5
3
6
0
2
2
12
3
6
0
4
1
0
0
12
9
3
5
2
3
3
5
3
3
1
3
1
1
1
1
0
4
0
1
3
1
0
0
4
2
2
2
0
0
2
0
2
0
1
0
2
3
5
0
13
12
0
0
25
14
17
3
8
4
3
1
0
2
4
6
2
9
6
2
2
2
0
5
0
0
6
3
0
1
1
0
1
3
0
0
0
0
2
5
12
6
9
5
2
1
9
11
10
0
6
2
4
1
8
0
3
1
5
2
2
4
10
2
3
8
9
14
2
6
2
4
3
1
0
3
3
4
0
0
5
5
0
0
4
2
3
0
1
0
0
0
8
2
3
0
1
4
11
6
2
1
4
0
6
2
2
0
1
0
1
0
2
4
1
5
6
8
1
6
2
3
2
0
0
0
2
0
3
0
1
1
12
17
3
0
4
0
1
3
0
2
4
0
5
2
1
5
5
2
4
1
3
0
4
2
0
0
8
7
2
4
5
3
4
7
2
3
2
4
0
3
4
5
3
1
0
2
8
9
1
0
1
0
2
1
4
0
0
0
1
0
2
2
3
2
4
1
9
15
5
0
3
0
4
1
4
3
3
1
5
5
7
3
1
2
2
5
2
2
2
5
0
0
7
8
4
1
2
1
2
4
4
4
1
1
1
4
4
7
3
3
4
1
4
2
3
4
5
2
0
0
5
2
5
1
6
3
6
9
7
4
2
5
12
17
0
3
1
3
2
3
0
4
1
4
2
4
4
8
6
3
1
0
