3
1
31
25
17
4
3
8
1
1
0
3
1
0
6
12
2
3
1
4
2
2
0
11
3
1
0
3
5
2
0
5
0
10
7
3
2
4
0
0
7
0
0
0
4
0
3
1
4
0
8
7
3
0
1
4
1
10
19
5
8
11
5
0
0
0
0
5
4
5
6
2
2
5
3
4
9
9
4
5
12
15
0
1
24
21
19
11
9
7
2
0
2
0
3
1
1
12
12
1
2
1
3
4
0
0
14
6
3
0
0
1
0
3
0
1
2
7
0
4
4
12
0
3
4
9
9
6
0
0
4
2
0
3
3
2
9
1
6
1
2
8
12
14
7
0
11
15
1
0
0
0
4
4
0
0
0
0
0
6
13
14
0
0
0
0
0
3
0
3
0
0
11
6
0
2
0
2
2
9
14
9
0
0
0
0
0
0
5
19
13
7
15
14
9
4
10
3
3
2
12
11
7
9
17
25
122
412
310
76
23
22
14
24
10
5
1
1
0
2
0
11
8
3
0
1
0
1
2
3
3
8
6
2
0
0
0
0
6
1
3
0
4
0
2
1
12
2
1
7
12
1
0
0
0
0
0
0
0
1
7
16
7
5
0
10
8
7
2
4
0
4
4
4
0
0
2
7
22
18
0
2
3
0
4
9
7
3
6
6
4
7
14
5
1
2
1
0
3
7
6
12
0
3
7
2
2
0
3
9
8
7
3
3
1
4
2
7
1
2
2
5
5
2
2
4
5
4
2
8
7
1
2
3
6
4
4
6
7
4
4
0
4
0
11
13
5
7
5
3
5
6
3
2
0
2
3
3
2
4
3
5
6
7
5
13
15
10
0
0
6
2
1
2
2
1
2
1
1
1
1
2
9
6
3
0
1
0
4
4
5
5
3
2
9
0
2
0
7
10
7
2
1
2
3
4
5
6
6
17
17
20
1
3
5
14
13
8
2
1
1
0
1
0
0
0
0
4
11
9
7
1
0
0
0
0
8
7
6
1
5
0
5
0
5
3
3
2
5
8
9
6
0
5
4
3
1
4
6
8
5
5
0
5
13
7
1
0
0
2
3
0
2
1
1
2
13
19
1
2
7
6
2
0
1
2
0
0
7
4
8
1
3
0
7
5
4
1
1
3
0
0
16
13
12
12
9
6
1
3
3
3
0
0
1
0
0
2
4
5
4
0
3
0
3
3
5
5
9
9
13
2
2
11
18
6
3
0
5
0
6
3
11
14
2
2
0
2
5
4
0
8
1
3
2
4
4
9
2
4
2
3
0
1
1
3
0
0
5
3
0
4
3
0
8
8
2
2
5
4
5
4
5
0
0
2
5
0
2
2
3
1
2
8
3
2
0
3
0
4
0
5
0
5
1
5
0
3
15
28
3
4
0
1
4
5
3
5
0
1
0
2
3
18
16
7
1
1
6
6
5
3
0
0
9
13
11
1
4
8
10
2
2
3
6
8
4
6
3
6
0
3
5
7
11
13
3
6
1
6
4
7
1
3
3
5
1
0
0
2
3
5
1
4
11
15
1
3
7
1
2
2
0
4
9
6
7
1
0
0
0
2
7
8
1
3
4
4
0
0
9
9
5
6
2
4
3
4
1
1
0
0
1
1
2
0
0
2
2
0
2
1
1
1
7
3
5
4
5
1
4
2
3
0
1
0
0
3
1
3
9
15
0
1
4
18
14
6
3
8
0
4
0
3
3
6
1
7
5
0
0
0
0
3
0
0
8
4
1
1
3
0
5
5
4
0
3
0
4
6
12
8
5
6
1
3
6
11
9
5
4
5
1
5
1
2
0
2
2
4
0
4
7
4
4
7
10
14
0
5
1
3
5
0
0
1
3
3
3
2
7
6
4
0
4
4
6
0
3
0
0
0
10
6
2
1
2
5
11
6
3
4
2
1
2
7
1
2
0
2
0
0
1
4
2
5
6
5
3
6
4
3
2
1
5
0
3
3
4
0
6
2
16
18
6
1
6
0
1
2
0
5
4
3
2
3
1
5
4
3
1
3
0
5
2
4
0
0
7
5
1
4
3
2
4
3
1
0
0
1
2
0
2
0
5
2
1
3
10
9
5
1
6
0
3
0
8
1
2
2
2
1
2
3
6
4
5
6
9
18
4
4
0
3
1
3
0
3
4
1
2
4
6
2
0
0
1
1
2
1
1
1
0
0
10
7
5
1
4
1
3
5
10
2
5
1
4
2
6
7
6
3
1
2
2
4
2
5
2
5
0
0
3
4
2
3
4
2
3
3
6
5
3
1
13
16
0
1
2
1
2
1
1
2
4
1
4
1
6
7
9
1
4
1
