1
2
16
31
16
5
2
10
0
4
0
7
0
3
6
15
1
3
1
6
1
0
0
7
1
0
0
1
5
1
2
5
1
7
9
5
1
3
0
0
10
1
0
0
3
0
1
0
6
2
6
9
4
3
1
8
3
15
18
10
3
15
6
2
0
3
0
5
3
5
6
1
0
3
5
3
6
8
3
3
13
14
0
0
7
19
20
6
11
8
1
0
0
0
0
0
1
13
10
4
0
2
1
6
0
0
16
8
0
3
0
0
0
0
0
0
3
3
0
0
2
9
1
0
2
8
7
3
0
0
6
3
1
2
4
1
12
2
7
1
4
8
13
13
7
3
12
17
0
0
0
0
2
7
0
2
0
1
0
7
12
15
0
1
0
0
0
0
0
1
0
0
7
1
2
0
0
0
1
8
15
6
2
0
2
0
0
0
4
13
31
5
17
18
8
7
7
5
0
2
6
11
6
7
3
9
18
27
136
405
281
67
26
34
13
0
3
0
0
0
0
9
6
0
0
3
2
0
2
4
4
7
9
0
4
3
0
0
10
1
4
1
5
3
0
5
5
2
1
12
10
2
0
1
0
0
0
0
0
0
3
15
9
1
0
8
11
5
1
1
0
0
5
0
0
0
5
5
20
19
2
1
5
2
5
7
5
0
7
7
3
7
14
7
0
3
0
1
2
6
4
14
0
0
8
3
2
2
3
6
8
1
1
2
0
2
0
1
2
0
0
1
4
1
4
2
6
4
3
8
9
1
2
0
4
3
4
5
5
6
0
2
0
1
7
15
2
13
2
2
2
8
0
0
0
3
2
1
0
3
0
3
5
3
3
9
15
8
0
0
4
0
0
2
2
0
1
2
7
0
2
4
11
6
5
1
2
3
3
5
3
4
2
4
7
4
0
3
6
8
5
2
1
0
2
2
6
3
24
13
21
16
3
2
3
13
15
4
3
2
1
0
4
0
1
0
1
6
15
8
9
0
1
1
0
0
11
5
3
3
2
3
1
3
2
3
1
2
2
8
6
4
0
1
1
0
1
0
6
7
7
3
0
0
13
5
1
0
1
2
4
0
3
0
5
2
13
19
3
0
10
9
2
0
1
2
0
3
4
8
3
6
1
4
3
7
5
2
3
4
0
1
14
12
13
14
8
4
2
1
3
2
1
0
1
2
0
0
7
6
5
2
4
1
6
4
5
7
13
12
14
3
6
11
17
5
1
4
6
4
6
6
8
16
2
4
1
2
5
2
0
4
0
0
2
3
4
6
0
0
1
2
0
1
1
0
0
0
8
4
4
5
5
2
11
9
4
1
7
3
5
3
2
2
0
5
1
4
0
3
1
2
2
9
3
2
1
1
0
1
2
2
2
3
4
1
1
0
15
24
5
1
1
2
5
3
4
4
6
0
1
2
24
17
20
8
2
2
6
5
4
4
0
0
8
16
11
6
1
10
7
7
1
4
5
7
4
3
3
3
2
3
4
3
8
10
2
1
4
5
4
5
4
2
5
4
3
2
3
0
5
3
5
3
14
14
0
4
7
1
1
3
0
9
11
10
1
2
0
2
1
6
8
8
1
1
3
1
0
0
12
8
2
1
2
3
2
3
4
0
0
0
2
1
2
0
1
1
1
2
4
1
7
4
4
2
3
4
1
2
1
5
1
2
0
4
3
6
1
3
9
14
0
0
4
17
13
4
5
5
0
0
0
0
7
7
2
5
6
0
1
0
3
3
0
0
9
2
4
0
4
0
3
4
2
2
0
2
0
9
8
9
7
8
0
7
7
16
7
3
2
1
0
3
2
0
0
0
1
0
0
4
8
4
4
3
10
13
4
4
5
3
6
0
2
0
4
2
5
1
6
5
3
0
3
5
3
4
1
4
0
0
8
9
1
3
3
6
7
8
1
2
1
2
3
3
0
0
0
0
1
0
0
1
1
5
8
5
4
6
4
2
2
0
3
2
5
3
4
1
3
1
15
16
2
0
2
4
0
2
0
3
5
4
3
7
0
6
4
3
1
0
2
0
0
0
0
0
7
4
1
2
2
0
5
4
5
1
1
1
1
0
2
4
2
0
2
1
10
10
1
1
2
2
3
1
3
1
3
2
0
3
2
4
2
6
3
6
12
15
2
1
1
0
0
2
0
1
0
2
6
4
6
2
3
1
4
0
5
0
6
1
0
0
9
6
6
1
1
2
2
5
7
3
2
1
3
6
4
9
4
7
2
3
2
4
3
6
2
0
0
0
4
1
2
0
6
2
5
5
11
4
4
4
15
14
2
0
3
3
2
1
0
1
0
3
3
3
5
6
5
2
0
0
