0
1
11
28
15
4
2
6
1
2
0
3
0
1
7
17
0
4
2
6
2
1
1
10
3
0
0
0
6
0
4
4
4
5
7
4
1
3
0
0
4
0
0
0
1
1
0
0
1
0
5
6
1
0
0
5
1
12
17
7
2
14
7
1
0
2
0
8
3
4
7
3
2
5
7
4
9
7
5
2
10
11
0
0
4
16
17
7
6
6
1
0
0
0
0
0
0
10
9
0
0
0
0
3
0
0
15
4
0
0
0
0
0
2
1
3
3
6
2
1
5
7
0
0
4
9
11
4
1
0
4
1
0
2
4
1
7
1
3
0
0
4
6
12
3
0
8
16
0
0
0
0
1
3
0
0
0
2
0
7
13
15
0
1
0
2
0
2
0
3
0
0
10
3
3
2
0
0
5
10
13
7
0
0
0
0
0
0
3
16
8
5
10
17
3
4
5
4
0
1
5
8
3
2
0
4
3
11
18
29
160
409
250
71
25
15
7
4
4
2
1
10
8
0
2
2
2
0
2
4
3
7
5
0
1
2
0
0
4
2
0
0
0
1
0
2
6
0
0
9
11
2
0
1
0
0
0
3
0
3
5
21
11
3
2
7
12
4
2
0
1
1
7
1
2
0
2
5
21
19
0
1
1
0
5
10
2
2
6
6
2
4
13
7
0
2
0
3
3
6
4
16
0
3
9
5
2
7
3
8
10
4
5
1
3
0
3
2
3
0
2
1
4
2
1
1
4
6
2
7
5
0
0
1
1
2
1
5
1
2
0
0
2
1
6
16
2
11
2
2
3
12
1
1
0
5
4
3
0
0
3
4
7
3
6
10
17
8
0
0
4
1
2
1
4
3
0
0
1
0
0
5
9
6
1
0
0
2
1
4
4
3
0
4
6
3
0
3
4
13
5
5
2
3
1
4
4
3
7
13
19
15
2
1
7
15
14
6
7
0
0
0
1
0
0
0
0
4
12
9
6
2
0
0
0
0
7
8
2
0
0
3
2
0
0
5
0
4
2
10
9
7
2
7
4
1
3
2
7
6
8
3
1
2
15
3
2
0
0
3
5
0
0
0
1
2
12
18
0
1
4
4
0
0
0
0
0
0
3
4
1
1
1
1
0
5
3
3
0
3
0
0
15
12
12
12
8
4
1
2
3
1
3
0
4
0
1
2
5
4
3
0
3
0
2
4
3
4
9
11
7
1
0
10
15
3
0
1
3
1
4
4
10
15
1
4
2
4
3
3
0
7
1
1
3
3
5
5
3
0
4
0
2
0
5
1
0
0
6
3
0
1
3
2
6
8
1
0
3
2
2
2
0
2
0
0
0
0
0
2
1
1
0
9
1
3
0
2
0
4
1
3
1
3
3
3
4
0
14
24
5
0
1
2
6
4
4
5
3
1
0
1
4
15
16
8
0
1
4
5
4
1
0
0
4
13
11
4
2
9
5
6
1
4
5
8
3
6
2
5
0
1
4
5
11
11
4
1
5
3
4
7
5
1
4
5
2
0
0
0
2
4
0
1
6
15
0
4
5
2
0
1
0
5
7
9
2
4
2
2
0
5
6
8
1
3
1
5
0
0
10
9
4
3
1
0
4
5
4
2
0
1
3
0
1
0
0
0
0
1
0
1
0
0
4
0
2
6
0
2
1
0
0
0
0
0
0
5
3
2
10
18
0
1
4
18
14
6
2
5
2
1
1
1
4
3
4
8
6
0
2
1
2
0
0
0
6
7
0
1
0
0
1
5
0
0
0
0
0
6
9
6
5
6
0
3
7
13
5
4
0
6
0
5
0
1
0
2
1
3
0
4
10
3
4
6
11
12
3
4
3
2
6
0
0
3
3
3
0
0
3
4
0
0
0
3
1
0
0
0
0
0
9
7
0
2
0
5
9
9
0
2
2
6
1
9
0
0
0
2
0
0
0
2
4
4
7
5
3
5
4
3
2
1
1
3
1
0
2
3
1
1
14
17
1
0
3
0
0
1
0
3
2
3
4
4
0
5
3
4
2
2
0
3
0
4
0
0
8
5
3
1
4
0
4
5
3
1
4
0
1
1
2
1
2
1
1
5
6
9
3
2
1
2
1
1
0
2
0
0
1
0
2
1
1
5
4
4
9
18
3
1
0
4
2
4
0
1
0
0
3
2
9
2
5
0
3
1
4
0
2
1
0
0
7
9
5
1
0
0
2
5
3
1
0
3
2
4
4
6
3
5
2
2
0
3
2
7
3
4
0
0
2
2
1
2
6
3
2
5
8
4
3
1
14
15
3
0
3
1
3
0
1
3
2
3
2
3
5
8
7
2
1
1
