0
2
29
28
16
1
3
4
0
0
0
1
2
0
6
11
1
0
2
2
1
0
0
4
0
0
0
0
5
0
0
2
1
6
6
3
0
4
0
0
5
0
0
2
0
0
0
2
0
2
4
7
2
0
0
4
2
8
16
2
6
9
9
0
0
0
0
3
1
1
4
0
0
0
3
2
7
5
1
0
10
9
0
0
3
16
13
5
7
7
0
0
0
0
0
0
0
12
11
1
0
0
3
2
0
0
14
4
3
0
0
0
0
0
1
0
2
2
0
0
3
3
0
0
0
6
4
0
0
0
3
0
0
1
1
1
6
0
4
0
0
8
9
14
4
2
7
12
0
0
0
0
3
0
0
0
0
0
1
1
14
12
1
0
0
0
0
0
0
0
0
0
9
0
0
0
0
0
1
9
15
5
0
0
0
0
0
0
0
16
6
5
10
15
4
7
4
2
0
0
7
8
5
1
2
0
3
1
3
6
21
31
190
409
211
37
16
9
0
1
0
7
5
0
0
1
1
0
0
2
3
6
4
0
0
4
0
0
5
3
0
0
2
2
0
4
6
1
2
7
8
0
0
0
0
0
0
0
1
0
4
14
7
0
0
3
8
1
0
0
0
0
2
0
0
0
2
5
16
17
0
0
2
0
4
8
0
1
4
7
0
5
12
7
0
0
1
0
1
3
7
10
0
0
10
0
5
2
6
5
11
0
3
0
0
0
0
0
0
0
2
0
1
1
2
0
1
2
1
8
6
1
0
0
2
3
3
5
2
6
0
1
1
0
10
12
5
9
6
0
4
6
1
0
0
0
3
1
1
0
1
2
3
1
2
9
16
6
0
0
3
0
0
1
0
1
0
0
1
0
0
3
7
5
0
0
0
2
0
5
0
3
0
1
7
1
0
0
6
7
6
1
2
0
2
1
1
0
6
13
20
15
0
0
1
12
12
7
0
0
0
0
0
0
0
0
0
6
12
8
4
3
0
1
0
0
9
8
2
1
2
1
3
0
2
0
2
2
6
6
9
6
0
2
3
0
0
0
5
9
2
1
0
4
11
5
0
1
0
5
1
0
0
0
0
6
10
19
0
2
5
7
0
0
0
2
0
1
0
5
4
1
1
1
3
1
5
0
3
1
0
0
17
11
12
12
8
4
1
0
0
0
0
0
0
0
0
2
0
4
2
2
0
3
0
5
2
7
8
12
11
4
0
8
16
4
0
1
0
0
6
0
9
11
4
0
3
0
4
1
0
2
0
0
2
0
1
5
0
0
0
0
0
0
2
1
0
0
4
2
2
4
1
2
6
12
0
1
3
5
3
5
0
0
0
0
4
0
0
0
0
0
1
3
5
0
0
0
1
1
1
0
3
0
0
0
0
0
14
24
3
0
0
0
4
4
0
6
1
2
0
3
0
18
16
9
0
3
3
6
1
0
0
0
8
12
7
1
3
6
7
1
1
0
7
6
6
2
4
0
0
1
4
2
6
7
4
0
0
2
2
6
1
0
1
7
0
0
0
1
0
5
0
4
7
14
0
4
4
3
0
2
0
4
9
6
4
0
2
0
1
2
9
3
2
0
3
0
0
0
10
3
3
0
1
0
0
1
0
0
0
0
0
0
0
0
0
0
0
0
0
4
0
6
0
3
0
4
0
3
1
1
0
0
0
0
0
0
4
0
11
13
0
0
5
15
14
4
3
3
0
0
0
0
4
2
0
6
4
0
0
0
0
4
0
0
7
4
0
0
0
1
1
3
0
0
0
0
0
7
10
3
6
2
0
2
8
11
8
0
5
0
0
2
4
0
0
0
0
0
0
2
8
2
1
4
8
10
0
3
2
2
1
1
0
3
2
2
0
3
3
7
0
2
2
4
0
0
0
0
0
0
9
5
3
0
1
3
10
3
1
0
2
0
2
2
0
0
0
0
0
0
0
1
0
2
7
4
0
6
2
1
0
2
0
0
0
3
1
2
0
0
12
18
2
0
2
0
0
1
0
1
4
0
2
0
0
0
4
0
1
0
0
0
0
0
0
0
4
4
0
1
0
0
4
4
0
0
0
0
0
3
1
3
2
1
0
1
4
9
2
0
0
0
0
0
0
0
2
1
1
0
3
0
3
0
2
2
12
13
0
0
0
0
1
0
0
0
0
0
1
3
2
0
0
0
0
1
0
0
0
3
0
0
5
7
4
0
0
0
0
4
2
0
2
0
1
0
5
6
5
2
4
0
3
0
2
2
2
0
0
0
3
1
0
1
3
1
0
3
3
2
1
3
10
15
0
0
0
2
0
4
0
3
1
2
1
3
5
5
6
0
0
0
