2
0
14
24
15
0
2
4
0
0
0
0
0
0
3
11
0
0
0
2
1
0
0
6
0
1
0
0
3
0
0
3
0
8
6
5
0
4
0
0
6
0
0
0
2
0
0
0
4
0
6
4
3
0
0
4
0
10
15
5
1
12
1
0
0
0
0
4
0
2
3
2
0
6
3
6
8
7
2
4
9
11
0
0
3
16
15
6
8
6
1
0
0
0
1
0
1
10
11
0
0
0
1
0
0
0
13
4
0
0
0
0
0
0
0
0
2
2
0
0
1
8
0
1
0
7
5
1
0
0
0
1
0
0
2
0
7
1
7
0
2
4
10
11
7
0
12
12
0
0
0
0
1
2
0
0
0
0
0
3
11
13
0
0
0
0
0
1
0
2
0
0
9
4
0
1
0
0
2
9
12
6
0
0
1
0
0
0
4
14
10
3
11
13
6
5
5
0
0
0
6
7
1
0
0
0
0
0
0
3
5
13
26
51
211
384
176
33
16
12
0
11
6
1
0
2
1
0
1
3
2
5
6
2
2
3
0
0
7
0
3
0
3
0
0
3
5
0
0
7
10
0
0
0
0
0
0
0
0
1
1
15
8
1
0
6
7
5
0
4
0
4
1
2
0
2
2
4
18
17
0
4
2
0
6
7
1
0
7
3
2
3
13
6
0
0
0
0
1
2
2
11
0
0
10
1
1
1
2
5
7
3
0
0
0
2
0
4
0
0
2
3
1
1
4
4
2
4
2
8
8
0
2
0
4
0
3
3
4
2
0
0
0
0
7
13
2
6
1
0
2
6
0
0
0
0
0
0
0
1
0
4
3
4
1
11
14
11
0
0
2
3
0
3
0
0
1
1
2
0
0
4
8
3
3
0
0
0
2
3
4
2
2
1
4
0
0
0
2
8
3
0
0
0
0
2
2
3
4
13
18
19
0
2
1
13
12
9
1
3
0
0
0
0
0
0
0
5
11
7
4
0
0
0
0
0
7
2
4
1
3
0
1
0
2
0
0
0
1
7
5
6
0
2
0
0
2
3
4
10
4
3
0
4
8
6
0
0
0
3
1
0
0
0
1
0
11
17
0
0
6
4
0
0
0
0
0
0
3
1
3
0
0
0
1
1
1
0
0
0
0
0
14
11
11
13
6
5
0
1
0
2
0
2
0
1
0
0
2
3
3
1
0
0
1
2
2
0
8
8
10
1
3
8
16
2
2
0
4
0
6
0
6
13
0
0
0
0
4
1
0
3
0
3
2
1
0
5
0
1
0
0
0
0
2
0
0
0
2
2
2
2
1
0
6
6
1
0
3
0
3
2
2
0
0
0
2
1
1
0
0
0
1
5
2
0
0
0
0
1
0
2
0
2
0
1
0
0
12
22
1
0
0
0
2
1
0
2
0
0
0
1
4
15
14
3
0
0
2
2
1
0
0
0
8
10
11
2
2
6
7
4
0
3
6
7
3
3
3
3
0
1
2
0
7
9
2
1
0
1
3
3
2
0
3
3
2
0
0
0
0
0
1
1
9
11
0
1
7
0
1
0
1
3
12
6
4
3
1
0
0
4
6
6
0
0
1
0
0
0
9
5
3
0
0
0
0
0
2
0
0
0
0
0
0
0
0
0
0
0
0
1
0
0
2
0
1
2
3
0
5
0
3
0
0
0
1
2
3
2
8
15
0
0
3
16
12
5
3
2
0
0
0
0
4
3
0
4
4
0
0
0
0
0
0
0
4
1
2
0
1
0
4
1
0
0
1
0
4
5
13
3
8
3
0
3
6
14
7
3
0
0
0
3
1
0
0
0
0
0
0
1
6
0
1
4
8
10
2
0
2
0
2
0
0
0
2
1
0
0
7
3
0
0
3
1
3
0
2
0
0
0
9
5
1
1
1
4
8
4
0
3
1
1
0
1
0
0
0
0
0
0
0
0
0
1
4
1
1
3
0
0
0
0
0
0
0
2
0
0
4
0
13
15
4
0
5
0
3
1
0
1
5
0
2
3
0
3
1
4
0
2
0
2
0
0
0
0
6
2
1
0
0
0
0
2
1
0
0
0
0
0
1
1
1
0
0
0
7
7
2
0
4
0
0
0
2
0
2
0
2
0
3
1
2
1
2
2
9
15
0
0
0
0
0
0
0
0
0
0
1
3
5
0
0
0
0
0
0
0
0
1
0
0
6
4
6
0
2
0
4
2
7
0
4
0
2
3
6
6
4
1
3
0
1
0
1
3
3
2
0
0
1
1
0
1
2
2
1
3
3
0
0
0
8
13
0
0
0
0
0
1
0
0
0
0
1
1
5
3
6
0
3
0
